Generation,Individual,DistanceDifference,StabilityRatio,Fitness
0,1,0.05944382370206978,0.9175257731958762,0.05944382370206978
0,2,1.53629473637789,0.7587628865979381,1.53629473637789
0,3,0.2650381678460245,0.7814432989690722,0.2650381678460245
0,4,1.2104513563487247,0.5237113402061856,1.2104513563487247
0,5,0.37484662052503304,0.8865979381443299,0.37484662052503304
0,6,2.106996893331236,0.5443298969072164,2.106996893331236
0,7,0.47904636155338376,0.8041237113402062,0.47904636155338376
0,8,0.36456929374421776,0.8701030927835052,0.36456929374421776
0,9,1.0922585079946752,0.4020618556701031,1.0922585079946752
0,10,0.33043800064179996,0.8515463917525773,0.33043800064179996
0,11,0.5827419396969407,0.8020618556701031,0.5827419396969407
0,12,0.210903958796014,0.9257731958762887,0.210903958796014
0,13,0.3346379903808576,0.6824742268041237,0.3346379903808576
0,14,0.49352088329488003,0.865979381443299,0.49352088329488003
0,15,2.539847475679783,0.47835051546391755,2.539847475679783
0,16,0.7738644492381108,0.7855670103092783,0.7738644492381108
0,17,0.9919262865570393,0.7422680412371134,0.9919262865570393
0,18,0.5312971484043713,0.9216494845360824,0.5312971484043713
0,19,0.08574379815388011,0.9195876288659793,0.08574379815388011
0,20,1.9960002170687672,0.7237113402061855,1.9960002170687672
0,21,0.20159784056990504,0.8123711340206186,0.20159784056990504
0,22,0.6662810368574317,0.6288659793814433,0.6662810368574317
0,23,1.7746647458633051,0.7154639175257732,1.7746647458633051
0,24,0.9190292428547424,0.5463917525773195,0.9190292428547424
0,25,0.3118862074270485,0.47010309278350515,0.3118862074270485
0,26,0.17692139394029746,0.8515463917525773,0.17692139394029746
0,27,0.982153029023794,0.6783505154639176,0.982153029023794
0,28,0.03502399775837236,0.9010309278350516,0.03502399775837236
0,29,0.25959976350085295,0.47835051546391755,0.25959976350085295
0,30,1.6017093051949938,0.7484536082474227,1.6017093051949938
0,31,0.18627763519080526,0.6103092783505155,0.18627763519080526
0,32,0.5316698598753273,0.9505154639175257,0.5316698598753273
0,33,1.0370718826620378,0.7381443298969073,1.0370718826620378
0,34,0.4985835185349157,0.7216494845360825,0.4985835185349157
0,35,0.29471208935953597,0.9402061855670103,0.29471208935953597
0,36,1.4545234135448235,0.9154639175257732,1.4545234135448235
0,37,0.1267120391629523,0.6701030927835051,0.1267120391629523
0,38,0.16553518485527757,0.5092783505154639,0.16553518485527757
0,39,1.117620241295757,0.8762886597938144,1.117620241295757
0,40,0.7934540529121115,0.9278350515463918,0.7934540529121115
0,41,0.308746770737439,0.8474226804123711,0.308746770737439
0,42,0.22986384511051627,0.8536082474226804,0.22986384511051627
0,43,2.0852151337531497,0.7463917525773196,2.0852151337531497
0,44,0.6958622737139248,0.6742268041237114,0.6958622737139248
0,45,0.46866810976652573,0.9072164948453608,0.46866810976652573
0,46,0.7154516790836704,0.6,0.7154516790836704
0,47,2.07722487028931,0.6185567010309279,2.07722487028931
0,48,0.15741182382794894,0.8886597938144329,0.15741182382794894
0,49,0.6107715049763692,0.9030927835051547,0.6107715049763692
0,50,1.4338640702146555,0.3443298969072165,1.4338640702146555
0,51,0.849242575531031,0.6618556701030928,0.849242575531031
0,52,0.42105193154691584,0.8247422680412371,0.42105193154691584
0,53,3.5302068531395885,0.4,3.5302068531395885
0,54,1.5557211393291868,0.26804123711340205,1.5557211393291868
0,55,0.9187556660895778,0.6639175257731958,0.9187556660895778
0,56,0.4777797703118346,0.7835051546391752,0.4777797703118346
0,57,0.6514201262624321,0.5752577319587628,0.6514201262624321
0,58,0.3800889507194459,0.9072164948453608,0.3800889507194459
0,59,0.9082333304018295,0.822680412371134,0.9082333304018295
0,60,0.6799151887884795,0.9463917525773196,0.6799151887884795
0,61,0.2991879256318661,0.911340206185567,0.2991879256318661
0,62,0.5399868703309326,0.4742268041237113,0.5399868703309326
0,63,1.2109654823314686,0.8577319587628865,1.2109654823314686
0,64,0.3443702482339159,0.8639175257731959,0.3443702482339159
0,65,0.7400252971213125,0.9711340206185567,0.7400252971213125
0,66,0.17789997117264172,0.843298969072165,0.17789997117264172
0,67,0.4394495176716827,0.9711340206185567,0.4394495176716827
0,68,0.4489769596779343,0.8247422680412371,0.4489769596779343
0,69,0.2573549808990809,0.822680412371134,0.2573549808990809
0,70,2.179164279131377,0.6185567010309279,2.179164279131377
0,71,0.79687284731334,0.6391752577319587,0.79687284731334
0,72,0.14938069843492163,0.9628865979381444,0.14938069843492163
0,73,0.6763364633213741,0.9690721649484536,0.6763364633213741
0,74,0.8994789778389474,0.9298969072164949,0.8994789778389474
0,75,2.2249402888372165,0.7628865979381443,2.2249402888372165
0,76,0.9920982716146907,0.8577319587628865,0.9920982716146907
0,77,2.314568375740238,0.8144329896907216,2.314568375740238
0,78,0.46120685483548624,0.756701030927835,0.46120685483548624
0,79,0.05881066732153679,0.9381443298969072,0.05881066732153679
0,80,0.04980854925336975,0.8680412371134021,0.04980854925336975
0,81,0.6733513429153549,0.5092783505154639,0.6733513429153549
0,82,0.5924457767413132,0.8701030927835052,0.5924457767413132
0,83,0.44089691181872975,0.3670103092783505,0.44089691181872975
0,84,1.0269907400445966,0.7690721649484537,1.0269907400445966
0,85,0.6833772561702108,0.954639175257732,0.6833772561702108
0,86,0.8016302867691022,0.979381443298969,0.8016302867691022
0,87,2.426565004455029,0.35670103092783506,2.426565004455029
0,88,0.3526878727666813,0.33814432989690724,0.3526878727666813
0,89,1.2221762320378529,0.6783505154639176,1.2221762320378529
0,90,0.5663158603742809,0.8948453608247423,0.5663158603742809
0,91,0.6559189981351111,0.7855670103092783,0.6559189981351111
0,92,1.871762633608032,0.534020618556701,1.871762633608032
0,93,1.0014491186802446,0.7072164948453609,1.0014491186802446
0,94,0.5792954731990949,0.9505154639175257,0.5792954731990949
0,95,0.10667664583406201,0.6,0.10667664583406201
0,96,0.17004752037872392,0.7793814432989691,0.17004752037872392
0,97,0.7397728180890979,0.954639175257732,0.7397728180890979
0,98,0.8252205310116996,0.6845360824742268,0.8252205310116996
0,99,0.5077196002837234,0.6144329896907217,0.5077196002837234
0,100,0.51908552363041,0.9010309278350516,0.51908552363041
1,72,0.12173586852920959,1.0,0.12173586852920959
1,41,1.6562963607071146,0.7546391752577319,1.6562963607071146
2,5,1.3602702663144968,0.7628865979381443,1.3602702663144968
2,67,1.1035237441733179,0.8907216494845361,1.1035237441733179
3,80,0.31715059908703075,0.8989690721649485,0.31715059908703075
3,69,0.5423244504927364,0.8536082474226804,0.5423244504927364
4,78,1.1327972712753962,0.9030927835051547,1.1327972712753962
4,82,0.42148660036971336,0.8,0.42148660036971336
5,24,2.4205593718776974,0.5319587628865979,2.4205593718776974
5,33,1.2474447685296564,0.8103092783505155,1.2474447685296564
6,21,0.9193150536813774,0.8536082474226804,0.9193150536813774
6,64,0.47675665928476474,0.7010309278350515,0.47675665928476474
7,45,0.2133764067364148,0.7463917525773196,0.2133764067364148
7,69,0.21002298756539078,0.8268041237113402,0.21002298756539078
8,95,0.07734358814623228,0.8969072164948454,0.07734358814623228
8,26,0.2696247928183429,0.8927835051546392,0.2696247928183429
9,1,0.14236298047738227,0.9567010309278351,0.14236298047738227
9,100,2.082530513808587,0.26597938144329897,2.082530513808587
10,73,2.5687953696892025,0.3463917525773196,2.5687953696892025
10,97,1.249768676756833,0.5752577319587628,1.249768676756833
11,14,1.2634532219922399,0.6020618556701031,1.2634532219922399
11,99,0.8414570132487929,0.8144329896907216,0.8414570132487929
12,3,2.5217646642606386,0.5525773195876289,2.5217646642606386
12,25,1.1421486422472102,0.5319587628865979,1.1421486422472102
13,95,0.35981570284046327,0.6391752577319587,0.35981570284046327
13,49,1.8967009032636852,0.5381443298969072,1.8967009032636852
14,42,1.7194370074235439,0.41649484536082476,1.7194370074235439
14,26,0.2663957766669163,0.46804123711340206,0.2663957766669163
15,88,1.5904909049776028,0.6659793814432989,1.5904909049776028
15,17,1.0006976286993536,0.4288659793814433,1.0006976286993536
16,59,2.13414664867281,0.44742268041237115,2.13414664867281
16,21,0.8290525736402942,0.7381443298969073,0.8290525736402942
17,37,1.7518692404339709,0.5175257731958763,1.7518692404339709
17,65,0.9619790372245678,0.5958762886597938,0.9619790372245678
18,19,1.0699738819163744,0.7814432989690722,1.0699738819163744
18,66,0.02930426101465333,0.8371134020618557,0.02930426101465333
19,79,0.616206957733605,0.8556701030927835,0.616206957733605
19,1,0.5768629151157665,0.9731958762886598,0.5768629151157665
20,56,0.030720799320178297,0.7402061855670103,0.030720799320178297
20,18,0.4331516901709541,0.41649484536082476,0.4331516901709541
21,48,2.7555252545339903,0.2865979381443299,2.7555252545339903
21,11,1.5131987701095082,0.5072164948453608,1.5131987701095082
22,50,2.2796601457689762,0.4350515463917526,2.2796601457689762
22,36,2.064972271547897,0.6701030927835051,2.064972271547897
23,69,0.5593600257966095,0.7402061855670103,0.5593600257966095
23,82,0.5197963387605821,0.3711340206185567,0.5197963387605821
24,96,0.25457881315440295,0.36907216494845363,0.25457881315440295
24,12,1.3118149019687193,0.6,1.3118149019687193
25,56,1.1162724027853776,0.8701030927835052,1.1162724027853776
25,81,0.558207879109781,0.756701030927835,0.558207879109781
26,64,2.185472369406906,0.3711340206185567,2.185472369406906
26,79,1.3167718458961601,0.5711340206185567,1.3167718458961601
27,38,1.2664149505317979,0.554639175257732,1.2664149505317979
27,10,0.8122445589165604,0.7298969072164948,0.8122445589165604
28,65,1.9845238468950759,0.5587628865979382,1.9845238468950759
28,2,2.1654119167575154,0.6494845360824743,2.1654119167575154
29,25,2.0401055988580117,0.4639175257731959,2.0401055988580117
29,38,2.4528568632858363,0.4556701030927835,2.4528568632858363
30,31,1.6901724865952354,0.7381443298969073,1.6901724865952354
30,7,0.4635505227491372,0.6391752577319587,0.4635505227491372
31,21,4.2792439823528845,0.35051546391752575,4.2792439823528845
31,12,1.7706516525915175,0.5195876288659794,1.7706516525915175
32,61,0.9343100043196471,0.4515463917525773,0.9343100043196471
32,40,2.4489892140795995,0.3731958762886598,2.4489892140795995
33,26,3.3951134253385744,0.28865979381443296,3.3951134253385744
33,76,0.7075114033460507,0.5649484536082474,0.7075114033460507
34,81,1.2476556656926499,0.5752577319587628,1.2476556656926499
34,4,1.308022388632593,0.6618556701030928,1.308022388632593
35,58,3.8921631979696065,0.4329896907216495,3.8921631979696065
35,94,1.0897321003781937,0.3731958762886598,1.0897321003781937
36,62,1.5771812320423813,0.27422680412371137,1.5771812320423813
36,55,1.0143511123075026,0.5958762886597938,1.0143511123075026
37,95,1.824482757281446,0.643298969072165,1.824482757281446
37,8,1.5718600367507598,0.3835051546391753,1.5718600367507598
38,69,1.1365310458264866,0.4865979381443299,1.1365310458264866
38,90,0.8857818041582476,0.40824742268041236,0.8857818041582476
39,13,2.5487577357598576,0.2536082474226804,2.5487577357598576
39,79,0.8630750748821466,0.5525773195876289,0.8630750748821466
40,45,2.4982147235736702,0.24742268041237114,2.4982147235736702
40,57,0.41199924179697284,0.41030927835051545,0.41199924179697284
41,72,3.1655019397358575,0.2,3.1655019397358575
41,34,1.7342628786090555,0.5319587628865979,1.7342628786090555
42,80,2.3237729288146487,0.3443298969072165,2.3237729288146487
42,90,3.035004364808,0.3319587628865979,3.035004364808
43,76,2.108508570055561,0.23711340206185566,2.108508570055561
43,86,2.75671199258311,0.30103092783505153,2.75671199258311
44,18,2.4407582013283418,0.16082474226804125,2.4407582013283418
44,11,2.8916571492906686,0.35670103092783506,2.8916571492906686
45,1,2.9064549949830583,0.38556701030927837,2.9064549949830583
45,17,2.9472380639083857,0.3938144329896907,2.9472380639083857
46,52,3.160735833503311,0.4288659793814433,3.160735833503311
46,83,0.9358591280780795,0.6,0.9358591280780795
47,57,4.059136301889587,0.3752577319587629,4.059136301889587
47,14,3.357432918303001,0.31752577319587627,3.357432918303001
48,68,2.9492939735897497,0.5835051546391753,2.9492939735897497
48,46,2.008429115056244,0.5381443298969072,2.008429115056244
49,32,2.449691503939825,0.37938144329896906,2.449691503939825
49,91,1.6874912848775914,0.354639175257732,1.6874912848775914
50,82,0.9810955789087248,0.7051546391752578,0.9810955789087248
50,98,1.6268615864403215,0.6989690721649484,1.6268615864403215
51,35,1.3858791764417522,0.709278350515464,1.3858791764417522
51,85,0.4653076277338172,0.6412371134020619,0.4653076277338172
52,82,0.5354896376764117,0.28865979381443296,0.5354896376764117
52,63,0.7341310815333796,0.488659793814433,0.7341310815333796
53,74,2.028442549759701,0.2721649484536082,2.028442549759701
53,67,2.1342229031115503,0.5567010309278351,2.1342229031115503
54,19,0.6074816663595316,0.7257731958762886,0.6074816663595316
54,97,1.9130876545189195,0.5360824742268041,1.9130876545189195
55,83,1.4099824080080137,0.6,1.4099824080080137
55,39,2.180099817268665,0.3649484536082474,2.180099817268665
56,27,3.1109098713823977,0.41855670103092785,3.1109098713823977
56,34,1.8803813729772458,0.4845360824742268,1.8803813729772458
57,56,0.5734924519132052,0.3917525773195876,0.5734924519132052
57,91,2.260504363755032,0.22474226804123712,2.260504363755032
58,35,2.8849916381082648,0.26804123711340205,2.8849916381082648
58,83,1.2104226153140798,0.44536082474226807,1.2104226153140798
59,46,2.1698521577521315,0.3154639175257732,2.1698521577521315
59,77,0.7529113075918294,0.5092783505154639,0.7529113075918294
60,62,2.6084585524644908,0.32783505154639175,2.6084585524644908
60,37,2.9062063739045767,0.16494845360824742,2.9062063739045767
61,31,1.3443302572362976,0.5402061855670103,1.3443302572362976
61,74,3.9643465492984595,0.3979381443298969,3.9643465492984595
62,77,1.4127135674689772,0.2907216494845361,1.4127135674689772
62,9,1.9028399620050631,0.30515463917525776,1.9028399620050631
63,61,3.222924680546412,0.3917525773195876,3.222924680546412
63,98,0.7344741490379406,0.6103092783505155,0.7344741490379406
64,94,1.4023450293456634,0.5938144329896907,1.4023450293456634
64,69,2.0326382505958835,0.27010309278350514,2.0326382505958835
65,28,3.299417531514483,0.30721649484536084,3.299417531514483
65,99,2.0166704543930933,0.2927835051546392,2.0166704543930933
66,51,1.5887643011903856,0.422680412371134,1.5887643011903856
66,84,0.1535957701322581,0.5587628865979382,0.1535957701322581
67,44,1.9976708622288006,0.47010309278350515,1.9976708622288006
67,33,2.3005376752491515,0.311340206185567,2.3005376752491515
68,89,0.9422819354745018,0.3030927835051546,0.9422819354745018
68,49,1.1569181209167358,0.6927835051546392,1.1569181209167358
69,59,0.5557149018705638,0.5567010309278351,0.5557149018705638
69,2,2.4253962379501397,0.334020618556701,2.4253962379501397
70,59,1.7571214890186528,0.29690721649484536,1.7571214890186528
70,50,1.2443605090341792,0.33608247422680415,1.2443605090341792
71,2,2.1077425659458173,0.4556701030927835,2.1077425659458173
71,15,0.6762904734564112,0.47216494845360824,0.6762904734564112
72,63,2.6010088439267203,0.38969072164948454,2.6010088439267203
72,23,2.961873894885182,0.37731958762886597,2.961873894885182
73,5,1.0759498398229335,0.6577319587628866,1.0759498398229335
73,34,2.7449778822604993,0.37938144329896906,2.7449778822604993
74,83,1.5469951786117637,0.4247422680412371,1.5469951786117637
74,59,2.815426446811961,0.21030927835051547,2.815426446811961
75,54,0.48952336729373463,0.43711340206185567,0.48952336729373463
75,30,2.9902866811726,0.30515463917525776,2.9902866811726
76,31,3.51416675162064,0.35876288659793815,3.51416675162064
76,2,2.41933082159155,0.17525773195876287,2.41933082159155
77,15,2.7946107011915804,0.28865979381443296,2.7946107011915804
77,55,3.025146401113163,0.2329896907216495,3.025146401113163
78,29,2.5704261325140325,0.311340206185567,2.5704261325140325
78,82,4.543383249281654,0.24123711340206186,4.543383249281654
79,36,1.4521006638895941,0.4329896907216495,1.4521006638895941
79,47,2.6199238463808285,0.44329896907216493,2.6199238463808285
80,60,1.610115358135576,0.3443298969072165,1.610115358135576
80,10,2.56511154817655,0.5175257731958763,2.56511154817655
81,96,2.79529865373668,0.28865979381443296,2.79529865373668
81,44,1.4995269393243231,0.22061855670103092,1.4995269393243231
82,6,3.016769450207254,0.4577319587628866,3.016769450207254
82,67,1.7607224750785775,0.2721649484536082,1.7607224750785775
83,56,3.3351448453136374,0.21443298969072164,3.3351448453136374
83,9,3.795117094527592,0.24742268041237114,3.795117094527592
84,85,2.0284747533120133,0.5896907216494846,2.0284747533120133
84,93,2.2386772193554534,0.5278350515463918,2.2386772193554534
85,98,2.9849407541393878,0.17938144329896907,2.9849407541393878
85,39,2.4113410357447154,0.334020618556701,2.4113410357447154
86,97,2.524483832771502,0.3711340206185567,2.524483832771502
86,46,2.9932833768967075,0.38144329896907214,2.9932833768967075
87,54,2.1894850954346725,0.25773195876288657,2.1894850954346725
87,78,3.513867548444413,0.1731958762886598,3.513867548444413
88,84,1.1267621853158776,0.4742268041237113,1.1267621853158776
88,94,0.6457083415459193,0.47010309278350515,0.6457083415459193
89,83,1.7044752278359603,0.4350515463917526,1.7044752278359603
89,95,2.721247305636728,0.30515463917525776,2.721247305636728
90,22,2.57313900802551,0.2907216494845361,2.57313900802551
90,93,2.416971717974044,0.24948453608247423,2.416971717974044
91,42,2.991483094049373,0.27422680412371137,2.991483094049373
91,99,2.157487399463931,0.23711340206185566,2.157487399463931
92,69,3.141437997965269,0.31752577319587627,3.141437997965269
92,29,3.413123861974246,0.2845360824742268,3.413123861974246
93,5,2.808396804219146,0.21237113402061855,2.808396804219146
93,1,5.709877253336884,0.2639175257731959,5.709877253336884
94,84,5.284611605753338,0.2804123711340206,5.284611605753338
94,52,4.225006170462492,0.2618556701030928,4.225006170462492
95,94,2.327373897122377,0.21649484536082475,2.327373897122377
95,77,1.4746011942760664,0.4639175257731959,1.4746011942760664
96,77,2.8910797116094216,0.38969072164948454,2.8910797116094216
96,12,3.231987478157237,0.30721649484536084,3.231987478157237
97,16,3.4311230730454048,0.30927835051546393,3.4311230730454048
97,13,3.0255605026242876,0.2845360824742268,3.0255605026242876
98,79,3.600983740395661,0.2865979381443299,3.600983740395661
98,10,4.189198443601549,0.18556701030927836,4.189198443601549
99,4,4.24619255543511,0.24742268041237114,4.24619255543511
99,39,2.2156393036954696,0.30515463917525776,2.2156393036954696
100,81,3.1110916676975147,0.29896907216494845,3.1110916676975147
100,70,2.0269861940156377,0.2948453608247423,2.0269861940156377
101,43,1.314703596969944,0.21855670103092784,1.314703596969944
101,38,0.857143156190944,0.5237113402061856,0.857143156190944
102,65,1.260701945706394,0.36082474226804123,1.260701945706394
102,55,2.0179900806106117,0.30515463917525776,2.0179900806106117
103,88,1.8491516691777652,0.35670103092783506,1.8491516691777652
103,33,2.8448024131947713,0.2948453608247423,2.8448024131947713
104,36,3.2024912488683253,0.35670103092783506,3.2024912488683253
104,44,0.5129601425305595,0.24742268041237114,0.5129601425305595
105,8,2.617242499203914,0.2639175257731959,2.617242499203914
105,62,2.094832474614565,0.4556701030927835,2.094832474614565
106,8,1.9990199912302276,0.41030927835051545,1.9990199912302276
106,59,4.074229350786707,0.2618556701030928,4.074229350786707
107,20,3.264021366402408,0.2618556701030928,3.264021366402408
107,8,3.6040468610263505,0.27835051546391754,3.6040468610263505
108,44,2.2190612646041474,0.2804123711340206,2.2190612646041474
108,51,4.495889669151782,0.18762886597938144,4.495889669151782
109,89,3.314636493906086,0.2556701030927835,3.314636493906086
109,62,4.205466476598102,0.3134020618556701,4.205466476598102
110,67,0.3981227471590509,0.6020618556701031,0.3981227471590509
110,88,2.6455898865978194,0.31752577319587627,2.6455898865978194
111,100,2.2134877848765453,0.2907216494845361,2.2134877848765453
111,93,5.136397241552082,0.24742268041237114,5.136397241552082
112,66,4.879941690431952,0.2556701030927835,4.879941690431952
112,19,2.9424699167219357,0.21443298969072164,2.9424699167219357
113,41,2.4940849656717057,0.2597938144329897,2.4940849656717057
113,91,2.005553269462291,0.3237113402061856,2.005553269462291
114,5,2.976611918367589,0.35051546391752575,2.976611918367589
114,14,3.519790985912236,0.2907216494845361,3.519790985912236
115,38,3.5946827366939647,0.2804123711340206,3.5946827366939647
115,63,4.06783628534191,0.26597938144329897,4.06783628534191
116,60,3.2579267898144346,0.27422680412371137,3.2579267898144346
116,92,1.10541880090739,0.2597938144329897,1.10541880090739
117,55,1.687269548371119,0.32783505154639175,1.687269548371119
117,11,0.8466380489153834,0.3154639175257732,0.8466380489153834
118,99,3.7084765575653402,0.30927835051546393,3.7084765575653402
118,54,1.3507084103986267,0.36907216494845363,1.3507084103986267
119,85,3.031081372936391,0.3237113402061856,3.031081372936391
119,32,2.3437559571671307,0.46804123711340206,2.3437559571671307
120,88,1.460890557053292,0.2329896907216495,1.460890557053292
120,42,2.832443349407178,0.29690721649484536,2.832443349407178
121,44,0.9599052541195987,0.3670103092783505,0.9599052541195987
121,22,2.8454517565712005,0.45979381443298967,2.8454517565712005
122,54,3.4140242137950816,0.30515463917525776,3.4140242137950816
122,98,4.628209165434201,0.33814432989690724,4.628209165434201
123,7,2.422783709263785,0.2288659793814433,2.422783709263785
123,32,1.2660150002387933,0.5154639175257731,1.2660150002387933
124,83,3.9119049748773014,0.3711340206185567,3.9119049748773014
124,75,3.925882715971736,0.32577319587628867,3.925882715971736
125,71,2.3216141042099285,0.33814432989690724,2.3216141042099285
125,44,2.4228099519541666,0.2597938144329897,2.4228099519541666
126,34,0.3158399652990052,0.1979381443298969,0.3158399652990052
126,17,4.046398627301936,0.1731958762886598,4.046398627301936
127,2,4.206930776606993,0.30103092783505153,4.206930776606993
127,86,3.9881519129955185,0.27628865979381445,3.9881519129955185
128,50,3.527397637974834,0.2639175257731959,3.527397637974834
128,19,3.05445035615171,0.30103092783505153,3.05445035615171
129,44,3.563705076574846,0.2804123711340206,3.563705076574846
129,47,3.125774834195941,0.24948453608247423,3.125774834195941
130,77,3.3195355798983073,0.25773195876288657,3.3195355798983073
130,90,3.8791425911151847,0.2804123711340206,3.8791425911151847
131,3,3.603141275696327,0.24536082474226803,3.603141275696327
131,26,3.591037110473566,0.2865979381443299,3.591037110473566
132,88,3.221752379260419,0.2515463917525773,3.221752379260419
132,91,3.604908246845528,0.2804123711340206,3.604908246845528
133,73,2.8468924119074654,0.25773195876288657,2.8468924119074654
133,68,4.918807837796618,0.23711340206185566,4.918807837796618
134,27,3.683310977459983,0.23917525773195877,3.683310977459983
134,81,4.720139775569416,0.2907216494845361,4.720139775569416
135,97,3.0056372609577906,0.2597938144329897,3.0056372609577906
135,6,4.515394303509009,0.25773195876288657,4.515394303509009
136,20,3.5969893258613035,0.19381443298969073,3.5969893258613035
136,83,4.067635790065713,0.2556701030927835,4.067635790065713
137,25,4.003374291019811,0.29896907216494845,4.003374291019811
137,72,5.2814707055009125,0.2618556701030928,5.2814707055009125
138,30,3.2343054210270274,0.2515463917525773,3.2343054210270274
138,69,4.353097033700578,0.2824742268041237,4.353097033700578
139,65,1.9363036719940248,0.3443298969072165,1.9363036719940248
139,73,0.7477553356851044,0.27835051546391754,0.7477553356851044
140,24,2.4822222521108803,0.26597938144329897,2.4822222521108803
140,95,1.4440353621251576,0.40824742268041236,1.4440353621251576
141,70,3.378017637849285,0.27628865979381445,3.378017637849285
141,76,3.513541837412326,0.23505154639175257,3.513541837412326
142,34,4.211579690484527,0.27010309278350514,4.211579690484527
142,30,4.1945369281507885,0.3319587628865979,4.1945369281507885
143,85,3.372552647755938,0.2927835051546392,3.372552647755938
143,88,3.75399650122091,0.28865979381443296,3.75399650122091
144,64,4.043816819692697,0.24948453608247423,4.043816819692697
144,22,4.861218874892727,0.27835051546391754,4.861218874892727
145,46,2.766793134927503,0.2268041237113402,2.766793134927503
145,36,3.44924647906281,0.2824742268041237,3.44924647906281
146,23,3.5862349510826412,0.2721649484536082,3.5862349510826412
146,97,3.9831212378612983,0.31752577319587627,3.9831212378612983
147,100,3.1723718196101443,0.2804123711340206,3.1723718196101443
147,47,3.1481710514835757,0.27422680412371137,3.1481710514835757
148,67,3.8166932603859847,0.3030927835051546,3.8166932603859847
148,73,3.1304988004240606,0.2597938144329897,3.1304988004240606
149,58,4.5279785770504075,0.26597938144329897,4.5279785770504075
149,97,2.857358679773956,0.30721649484536084,2.857358679773956
150,92,2.743410044111804,0.2907216494845361,2.743410044111804
150,65,4.72841347502706,0.2536082474226804,4.72841347502706
151,3,3.5164403471129346,0.2618556701030928,3.5164403471129346
151,74,3.719259931510541,0.23505154639175257,3.719259931510541
152,44,2.339474831277339,0.11134020618556702,2.339474831277339
152,83,3.317756364493666,0.20618556701030927,3.317756364493666
153,18,4.794520696707545,0.2639175257731959,4.794520696707545
153,42,3.7154052592553573,0.2824742268041237,3.7154052592553573
154,48,3.994121519140681,0.2845360824742268,3.994121519140681
154,5,3.197512509924616,0.2515463917525773,3.197512509924616
155,32,3.325729485230727,0.2639175257731959,3.325729485230727
155,28,3.3327417739117355,0.3628865979381443,3.3327417739117355
156,92,3.7394362924217925,0.2329896907216495,3.7394362924217925
156,57,3.6858629178070186,0.30515463917525776,3.6858629178070186
157,80,4.286861620164244,0.2597938144329897,4.286861620164244
157,45,3.4805793795592814,0.27010309278350514,3.4805793795592814
158,50,2.804195209897539,0.22061855670103092,2.804195209897539
158,8,1.4784309365858723,0.26597938144329897,1.4784309365858723
159,41,3.399674174449843,0.2948453608247423,3.399674174449843
159,26,5.424855473724685,0.24536082474226803,5.424855473724685
160,61,2.9076648574524047,0.24742268041237114,2.9076648574524047
160,60,3.421837844532366,0.2804123711340206,3.421837844532366
161,32,3.6208543072763333,0.31752577319587627,3.6208543072763333
161,60,3.7748197578955027,0.27628865979381445,3.7748197578955027
162,97,3.929291832953472,0.22268041237113403,3.929291832953472
162,16,3.6704455287103586,0.32989690721649484,3.6704455287103586
163,13,5.059358040887322,0.311340206185567,5.059358040887322
163,67,3.18632142171946,0.23711340206185566,3.18632142171946
164,73,3.2856866249378474,0.2597938144329897,3.2856866249378474
164,54,3.097411681591646,0.2515463917525773,3.097411681591646
165,31,2.132306200034932,0.2536082474226804,2.132306200034932
165,91,0.23913809081367168,0.36082474226804123,0.23913809081367168
166,15,2.0375825738771396,0.2618556701030928,2.0375825738771396
166,61,3.826843400412711,0.2907216494845361,3.826843400412711
167,55,3.12913323391811,0.24123711340206186,3.12913323391811
167,15,3.1378056785695736,0.27628865979381445,3.1378056785695736
168,37,3.834911722014997,0.27422680412371137,3.834911722014997
168,15,4.3836312038698715,0.30103092783505153,4.3836312038698715
169,7,1.1073594530523103,0.4288659793814433,1.1073594530523103
169,40,1.654967946968525,0.24123711340206186,1.654967946968525
170,40,3.4116370102747964,0.32989690721649484,3.4116370102747964
170,96,6.022072946063452,0.27628865979381445,6.022072946063452
171,39,4.053113015388895,0.30103092783505153,4.053113015388895
171,42,3.532411963762738,0.3154639175257732,3.532411963762738
172,31,5.545154102100119,0.2618556701030928,5.545154102100119
172,71,3.6569360509073885,0.25773195876288657,3.6569360509073885
173,90,4.1320165000132105,0.23917525773195877,4.1320165000132105
173,80,3.3657059396600055,0.27835051546391754,3.3657059396600055
174,7,3.771359062412796,0.27628865979381445,3.771359062412796
174,95,4.1609733191180185,0.2907216494845361,4.1609733191180185
175,44,2.4105816433782983,0.2804123711340206,2.4105816433782983
175,35,1.6914718814332146,0.2907216494845361,1.6914718814332146
176,8,4.338501683566848,0.2639175257731959,4.338501683566848
176,19,2.784986745378934,0.22474226804123712,2.784986745378934
177,100,2.6964557013798163,0.3154639175257732,2.6964557013798163
177,41,5.274940473501889,0.24742268041237114,5.274940473501889
178,35,1.9174998865596526,0.23505154639175257,1.9174998865596526
178,89,5.250339391952322,0.2845360824742268,5.250339391952322
179,16,4.221611125235207,0.27835051546391754,4.221611125235207
179,97,3.002769230540334,0.26804123711340205,3.002769230540334
180,44,3.389902143672615,0.24329896907216494,3.389902143672615
180,20,4.8969265542809755,0.2721649484536082,4.8969265542809755
181,46,3.8454281999315114,0.2639175257731959,3.8454281999315114
181,23,3.7326801583179083,0.2329896907216495,3.7326801583179083
182,24,4.620088830324975,0.3731958762886598,4.620088830324975
182,47,2.651034274764271,0.3649484536082474,2.651034274764271
183,11,1.7287594433770745,0.2556701030927835,1.7287594433770745
183,73,3.4558004162968943,0.2804123711340206,3.4558004162968943
184,35,3.9316592088374023,0.2536082474226804,3.9316592088374023
184,85,3.923125937751876,0.3237113402061856,3.923125937751876
185,91,0.5256585099277405,0.32577319587628867,0.5256585099277405
185,56,0.8373715415092702,0.2536082474226804,0.8373715415092702
186,47,1.780321057241333,0.2268041237113402,1.780321057241333
186,74,3.374954768718416,0.2556701030927835,3.374954768718416
187,45,4.086268230508308,0.2536082474226804,4.086268230508308
187,14,3.687143277236488,0.27422680412371137,3.687143277236488
188,17,4.3679814524774905,0.3134020618556701,4.3679814524774905
188,10,4.71312902774026,0.3134020618556701,4.71312902774026
189,19,4.676489209243878,0.30103092783505153,4.676489209243878
189,79,1.1139860542316642,0.3402061855670103,1.1139860542316642
190,56,4.312277810966226,0.31958762886597936,4.312277810966226
190,50,5.294561735110849,0.2639175257731959,5.294561735110849
191,47,4.770111628711955,0.2865979381443299,4.770111628711955
191,94,4.194753100482876,0.2824742268041237,4.194753100482876
192,33,2.359913388370296,0.2268041237113402,2.359913388370296
192,90,2.181535158317044,0.2618556701030928,2.181535158317044
193,61,1.886146455756616,0.2288659793814433,1.886146455756616
193,46,4.983937470555998,0.2556701030927835,4.983937470555998
194,11,4.693381775588651,0.2639175257731959,4.693381775588651
194,87,3.323189567175122,0.2536082474226804,3.323189567175122
195,79,2.3149565119836195,0.24948453608247423,2.3149565119836195
195,42,2.3560813478242277,0.3443298969072165,2.3560813478242277
196,32,3.385959705294874,0.23917525773195877,3.385959705294874
196,8,4.083754328890873,0.2804123711340206,4.083754328890873
197,74,3.4935354760598565,0.29896907216494845,3.4935354760598565
197,99,3.2074285993431224,0.2907216494845361,3.2074285993431224
198,42,4.457374482270256,0.311340206185567,4.457374482270256
198,33,3.4733610714574166,0.28865979381443296,3.4733610714574166
199,33,1.9475536020828657,0.3030927835051546,1.9475536020828657
199,27,2.36161592288869,0.3154639175257732,2.36161592288869
200,14,5.113410886893234,0.27628865979381445,5.113410886893234
200,23,6.090524571118306,0.26804123711340205,6.090524571118306
201,79,3.0044815706080215,0.30103092783505153,3.0044815706080215
201,5,2.5115856105697043,0.26804123711340205,2.5115856105697043
202,77,5.982454633828204,0.30515463917525776,5.982454633828204
202,36,5.054748143219512,0.2927835051546392,5.054748143219512
203,91,2.054541359249547,0.2515463917525773,2.054541359249547
203,43,4.006967869219355,0.27010309278350514,4.006967869219355
204,29,3.9693355284987866,0.2329896907216495,3.9693355284987866
204,43,3.4056142579831175,0.2948453608247423,3.4056142579831175
205,27,4.037744597372491,0.2721649484536082,4.037744597372491
205,48,5.460984381709808,0.3216494845360825,5.460984381709808
206,100,4.298098241858172,0.3216494845360825,4.298098241858172
206,12,3.5118567925488327,0.2618556701030928,3.5118567925488327
207,28,5.016062445272327,0.2639175257731959,5.016062445272327
207,86,1.561957788041283,0.2948453608247423,1.561957788041283
208,33,3.8868116358543547,0.20412371134020618,3.8868116358543547
208,39,4.711280598362439,0.3402061855670103,4.711280598362439
209,99,5.471095141936613,0.24329896907216494,5.471095141936613
209,63,3.3485451371233887,0.3422680412371134,3.3485451371233887
210,9,2.2274521937138623,0.30927835051546393,2.2274521937138623
210,85,5.6110385324893715,0.311340206185567,5.6110385324893715
211,54,3.246188962884417,0.30103092783505153,3.246188962884417
211,76,2.986327518619638,0.28865979381443296,2.986327518619638
212,91,3.7552464585018237,0.2639175257731959,3.7552464585018237
212,32,4.7842699043343915,0.31752577319587627,4.7842699043343915
213,97,5.604851315681719,0.27628865979381445,5.604851315681719
213,55,3.2530657037505493,0.2536082474226804,3.2530657037505493
214,49,3.1560304541898008,0.26597938144329897,3.1560304541898008
214,70,3.3478040500612876,0.27628865979381445,3.3478040500612876
215,5,4.878546340263238,0.35876288659793815,4.878546340263238
215,40,5.164934096309119,0.24329896907216494,5.164934096309119
216,90,3.331042494003085,0.21030927835051547,3.331042494003085
216,91,3.9557308430046367,0.26804123711340205,3.9557308430046367
217,9,3.7354731702280164,0.26804123711340205,3.7354731702280164
217,16,5.7607229708358965,0.30721649484536084,5.7607229708358965
218,38,4.12417088636544,0.3134020618556701,4.12417088636544
218,35,4.117812601002398,0.32577319587628867,4.117812601002398
219,37,2.8492234566752117,0.2268041237113402,2.8492234566752117
219,33,3.908650614615505,0.18762886597938144,3.908650614615505
220,54,4.992118429694201,0.2824742268041237,4.992118429694201
220,42,2.3855933095683404,0.30515463917525776,2.3855933095683404
221,7,4.143287821789303,0.29896907216494845,4.143287821789303
221,38,5.160457702452742,0.23505154639175257,5.160457702452742
222,76,4.546126464258905,0.3216494845360825,4.546126464258905
222,63,3.2099766309669584,0.2927835051546392,3.2099766309669584
223,37,1.7397903175006502,0.3134020618556701,1.7397903175006502
223,71,4.351004811374345,0.334020618556701,4.351004811374345
224,42,4.352804278450255,0.2536082474226804,4.352804278450255
224,70,3.6166582259655904,0.2948453608247423,3.6166582259655904
225,63,2.263912011825233,0.1711340206185567,2.263912011825233
225,57,3.9967635159421815,0.2804123711340206,3.9967635159421815
226,52,3.871591407738986,0.2865979381443299,3.871591407738986
226,15,2.868846461937021,0.2556701030927835,2.868846461937021
227,63,2.6050952696166307,0.27010309278350514,2.6050952696166307
227,33,4.60846479857844,0.27835051546391754,4.60846479857844
228,15,3.404209789530178,0.3443298969072165,3.404209789530178
228,94,2.4735797318645507,0.2927835051546392,2.4735797318645507
229,55,3.8173347407025293,0.2597938144329897,3.8173347407025293
229,3,3.0517082949332868,0.25773195876288657,3.0517082949332868
230,67,2.947924866391989,0.23711340206185566,2.947924866391989
230,70,3.630082124152078,0.24536082474226803,3.630082124152078
231,61,3.5959107672622714,0.24742268041237114,3.5959107672622714
231,3,2.002836822084586,0.27628865979381445,2.002836822084586
232,67,4.249619295141173,0.2865979381443299,4.249619295141173
232,90,3.493405436761069,0.3216494845360825,3.493405436761069
233,63,1.9859716003723984,0.23711340206185566,1.9859716003723984
233,83,3.054269674633482,0.30721649484536084,3.054269674633482
234,37,5.9864829112093165,0.2556701030927835,5.9864829112093165
234,61,4.843627876910963,0.3237113402061856,4.843627876910963
235,75,4.249352749069264,0.24742268041237114,4.249352749069264
235,4,3.784736695270524,0.30927835051546393,3.784736695270524
236,86,3.9568425069949353,0.2824742268041237,3.9568425069949353
236,66,3.5956347449802895,0.26804123711340205,3.5956347449802895
237,87,4.813525598455724,0.3030927835051546,4.813525598455724
237,45,6.402675341526265,0.30721649484536084,6.402675341526265
238,88,4.169061121170685,0.29690721649484536,4.169061121170685
238,59,4.563493161929435,0.32577319587628867,4.563493161929435
239,69,4.713349369311464,0.32783505154639175,4.713349369311464
239,81,2.8041770626989715,0.2927835051546392,2.8041770626989715
240,90,3.898509018024132,0.3443298969072165,3.898509018024132
240,9,5.125210957996685,0.2556701030927835,5.125210957996685
241,34,3.7061474353315975,0.30103092783505153,3.7061474353315975
241,47,3.8094309271688207,0.3216494845360825,3.8094309271688207
242,63,5.782564664967604,0.2556701030927835,5.782564664967604
242,2,5.543900027241619,0.31958762886597936,5.543900027241619
243,60,4.9678763175484235,0.32783505154639175,4.9678763175484235
243,64,4.8238318551084225,0.22268041237113403,4.8238318551084225
244,94,3.1657858933307996,0.2597938144329897,3.1657858933307996
244,81,3.5057144470268775,0.21855670103092784,3.5057144470268775
245,70,4.51788144915921,0.2556701030927835,4.51788144915921
245,100,3.0111603360956867,0.24742268041237114,3.0111603360956867
246,75,3.2447389510631552,0.26597938144329897,3.2447389510631552
246,56,4.305372601756067,0.29896907216494845,4.305372601756067
247,43,4.05386470719258,0.27422680412371137,4.05386470719258
247,51,4.312926817961721,0.29896907216494845,4.312926817961721
248,100,6.046747158770243,0.3525773195876289,6.046747158770243
248,73,5.0863480470969975,0.2515463917525773,5.0863480470969975
249,80,2.497993562214774,0.2721649484536082,2.497993562214774
249,4,2.8885864515668502,0.30927835051546393,2.8885864515668502
250,49,1.2218450807770274,0.29896907216494845,1.2218450807770274
250,12,0.7858994074335216,0.3134020618556701,0.7858994074335216
251,3,4.6815127328575254,0.28865979381443296,4.6815127328575254
251,44,2.8233176221010603,0.32577319587628867,2.8233176221010603
252,49,1.4574866136186748,0.3134020618556701,1.4574866136186748
252,80,0.9966651502493116,0.3443298969072165,0.9966651502493116
253,74,3.225027897288876,0.24742268041237114,3.225027897288876
253,51,5.445322519293393,0.2721649484536082,5.445322519293393
254,4,2.930023702004016,0.334020618556701,2.930023702004016
254,69,3.6114981438485674,0.33814432989690724,3.6114981438485674
255,27,3.001247294571354,0.24742268041237114,3.001247294571354
255,42,3.541179048673185,0.2907216494845361,3.541179048673185
256,44,4.345255606230399,0.18350515463917524,4.345255606230399
256,94,5.598746946655269,0.3237113402061856,5.598746946655269
257,27,3.153114949248648,0.41237113402061853,3.153114949248648
257,8,4.047594105233534,0.3030927835051546,4.047594105233534
258,55,4.52597150283842,0.26804123711340205,4.52597150283842
258,11,4.345217037758854,0.3237113402061856,4.345217037758854
259,8,4.577640692143053,0.2309278350515464,4.577640692143053
259,35,3.3694073360597887,0.2948453608247423,3.3694073360597887
260,53,4.0723926091096505,0.2845360824742268,4.0723926091096505
260,66,4.193655980239003,0.32989690721649484,4.193655980239003
261,43,3.4202706998391883,0.2268041237113402,3.4202706998391883
261,32,3.5563984276881624,0.29690721649484536,3.5563984276881624
262,29,4.752731405989804,0.27835051546391754,4.752731405989804
262,46,4.284550215231144,0.33608247422680415,4.284550215231144
263,35,5.910825884194924,0.311340206185567,5.910825884194924
263,78,4.441031632100619,0.2927835051546392,4.441031632100619
264,80,3.2531537061391966,0.2721649484536082,3.2531537061391966
264,27,3.4194667579943943,0.2639175257731959,3.4194667579943943
265,12,4.815347770581569,0.27010309278350514,4.815347770581569
265,79,3.039474762698391,0.2515463917525773,3.039474762698391
266,69,5.13396815881373,0.2515463917525773,5.13396815881373
266,91,1.9655793021172905,0.29690721649484536,1.9655793021172905
267,4,2.5477926324618374,0.2618556701030928,2.5477926324618374
267,11,4.738324101960221,0.3134020618556701,4.738324101960221
268,19,4.583204321086678,0.311340206185567,4.583204321086678
268,64,3.91804169351213,0.3134020618556701,3.91804169351213
269,90,3.1392605430155642,0.27835051546391754,3.1392605430155642
269,53,3.2900495952773348,0.21237113402061855,3.2900495952773348
270,47,3.4800701007107153,0.31752577319587627,3.4800701007107153
270,50,3.9663396317163464,0.32577319587628867,3.9663396317163464
271,49,5.469777493483948,0.2804123711340206,5.469777493483948
271,15,4.825017812565613,0.23505154639175257,4.825017812565613
272,64,1.6772673892046188,0.27628865979381445,1.6772673892046188
272,50,3.6102471364040296,0.2618556701030928,3.6102471364040296
273,83,5.759427784123156,0.27835051546391754,5.759427784123156
273,57,5.54847990651391,0.32783505154639175,5.54847990651391
274,70,2.9438152406739495,0.27835051546391754,2.9438152406739495
274,33,3.885357855672556,0.31752577319587627,3.885357855672556
275,80,2.502251904473911,0.22474226804123712,2.502251904473911
275,98,2.35073897730448,0.28865979381443296,2.35073897730448
276,30,2.1581689325275435,0.3443298969072165,2.1581689325275435
276,8,5.1824753471553064,0.2804123711340206,5.1824753471553064
277,70,5.738589662723455,0.30927835051546393,5.738589662723455
277,81,5.567885162388073,0.29690721649484536,5.567885162388073
278,98,4.067499938880295,0.2865979381443299,4.067499938880295
278,88,5.564347232990876,0.28865979381443296,5.564347232990876
279,43,4.0430538337770106,0.3731958762886598,4.0430538337770106
279,44,4.693263981772121,0.2804123711340206,4.693263981772121
280,91,6.037394927610085,0.24329896907216494,6.037394927610085
280,47,4.288630794102435,0.311340206185567,4.288630794102435
281,24,3.9854539604966908,0.2536082474226804,3.9854539604966908
281,39,3.243666606759684,0.3030927835051546,3.243666606759684
282,86,4.583000378871899,0.29896907216494845,4.583000378871899
282,17,3.4463051890404808,0.2804123711340206,3.4463051890404808
283,64,3.18255226769906,0.30927835051546393,3.18255226769906
283,68,6.25803937823097,0.30721649484536084,6.25803937823097
284,98,5.374631642531188,0.30103092783505153,5.374631642531188
284,67,5.128082554214624,0.27010309278350514,5.128082554214624
285,75,4.699086790392214,0.30515463917525776,4.699086790392214
285,17,3.7272869690879005,0.3154639175257732,3.7272869690879005
286,27,2.143261817116394,0.27422680412371137,2.143261817116394
286,17,6.086408508314772,0.27422680412371137,6.086408508314772
287,90,4.670498242348431,0.2536082474226804,4.670498242348431
287,46,3.4621525718592183,0.30927835051546393,3.4621525718592183
288,79,3.754830256129232,0.2948453608247423,3.754830256129232
288,43,3.5166133552974435,0.2556701030927835,3.5166133552974435
289,50,2.961884508461241,0.1958762886597938,2.961884508461241
289,34,4.388621872070061,0.2329896907216495,4.388621872070061
290,30,6.141439042570383,0.33608247422680415,6.141439042570383
290,43,4.594180166171747,0.27628865979381445,4.594180166171747
291,52,4.297917097344936,0.27835051546391754,4.297917097344936
291,44,3.5667191787466597,0.2865979381443299,3.5667191787466597
292,74,2.7625242718885725,0.3319587628865979,2.7625242718885725
292,39,3.2719797260127907,0.3030927835051546,3.2719797260127907
293,24,4.667267146522418,0.2948453608247423,4.667267146522418
293,9,4.213062245959196,0.33608247422680415,4.213062245959196
294,27,3.8741673240653975,0.2845360824742268,3.8741673240653975
294,18,4.5058224073162565,0.2804123711340206,4.5058224073162565
295,90,2.630033536420254,0.30515463917525776,2.630033536420254
295,20,3.2677274772421714,0.354639175257732,3.2677274772421714
296,4,0.7492483369925915,0.37731958762886597,0.7492483369925915
296,44,5.324348228946194,0.36907216494845363,5.324348228946194
297,39,4.795353099686209,0.24742268041237114,4.795353099686209
297,65,3.8844541521891554,0.3237113402061856,3.8844541521891554
298,65,3.6535690805201724,0.21855670103092784,3.6535690805201724
298,52,5.555301154613484,0.27010309278350514,5.555301154613484
299,20,4.475848062075072,0.29690721649484536,4.475848062075072
299,6,4.137440167295684,0.30515463917525776,4.137440167295684
300,53,5.59482057498767,0.27422680412371137,5.59482057498767
300,65,5.364210122188163,0.23917525773195877,5.364210122188163
301,18,4.536663635361328,0.2948453608247423,4.536663635361328
301,65,6.549505087716775,0.19381443298969073,6.549505087716775
302,41,5.673270551563967,0.30515463917525776,5.673270551563967
302,49,4.405430430287221,0.29896907216494845,4.405430430287221
303,90,5.320112042740627,0.36082474226804123,5.320112042740627
303,48,6.217324523390251,0.30515463917525776,6.217324523390251
304,11,5.218099035401783,0.3030927835051546,5.218099035401783
304,22,4.962374982638123,0.32989690721649484,4.962374982638123
305,80,4.100087388856215,0.41855670103092785,4.100087388856215
305,21,6.021863380636687,0.3628865979381443,6.021863380636687
306,25,5.191146529265047,0.3443298969072165,5.191146529265047
306,20,4.997923976936755,0.27628865979381445,4.997923976936755
307,25,3.981590604588078,0.2948453608247423,3.981590604588078
307,84,5.356121753847833,0.27628865979381445,5.356121753847833
308,56,3.7304237112019036,0.2639175257731959,3.7304237112019036
308,71,5.043908489459801,0.2824742268041237,5.043908489459801
309,6,3.0942351709036924,0.38144329896907214,3.0942351709036924
309,72,5.633518153611362,0.2948453608247423,5.633518153611362
310,50,5.43046034834163,0.3216494845360825,5.43046034834163
310,76,4.934632723982037,0.34845360824742266,4.934632723982037
311,18,4.706740900169983,0.3030927835051546,4.706740900169983
311,2,4.514398204301775,0.334020618556701,4.514398204301775
312,79,5.059888624076293,0.23917525773195877,5.059888624076293
312,47,3.729196091006376,0.25773195876288657,3.729196091006376
313,78,4.231138491001169,0.2907216494845361,4.231138491001169
313,3,4.572282003139112,0.34845360824742266,4.572282003139112
314,74,4.6847506377406996,0.354639175257732,4.6847506377406996
314,5,3.3253029751761294,0.4536082474226804,3.3253029751761294
315,55,3.61110237550904,0.33608247422680415,3.61110237550904
315,79,6.14279482027716,0.24948453608247423,6.14279482027716
316,46,4.374826892987941,0.31958762886597936,4.374826892987941
316,61,4.422128412266305,0.3154639175257732,4.422128412266305
317,62,4.967069745125833,0.27835051546391754,4.967069745125833
317,78,4.362524698760857,0.3525773195876289,4.362524698760857
318,25,1.5237260000310526,0.2515463917525773,1.5237260000310526
318,22,5.340658129186935,0.2948453608247423,5.340658129186935
319,78,4.063551548184455,0.3134020618556701,4.063551548184455
319,46,5.498427573509812,0.29690721649484536,5.498427573509812
320,5,5.1329594838184365,0.32989690721649484,5.1329594838184365
320,80,2.7894884614588196,0.26597938144329897,2.7894884614588196
321,61,2.9929969762018382,0.2515463917525773,2.9929969762018382
321,74,4.472642983658415,0.29896907216494845,4.472642983658415
322,34,5.70608715179676,0.3402061855670103,5.70608715179676
322,19,4.382014941396355,0.32989690721649484,4.382014941396355
323,3,4.647014452776678,0.3402061855670103,4.647014452776678
323,24,5.59193698505229,0.23711340206185566,5.59193698505229
324,6,4.777272081785554,0.3319587628865979,4.777272081785554
324,33,4.315406716552294,0.33814432989690724,4.315406716552294
325,61,6.208455657185535,0.354639175257732,6.208455657185535
325,32,2.898722159292626,0.3443298969072165,2.898722159292626
326,87,0.8304453804435848,0.44948453608247424,0.8304453804435848
326,20,2.525063705298154,0.37731958762886597,2.525063705298154
327,43,4.8771484815398845,0.33608247422680415,4.8771484815398845
327,29,3.549188752754338,0.25773195876288657,3.549188752754338
328,55,3.2362369362627152,0.2639175257731959,3.2362369362627152
328,75,2.9020750840170084,0.3216494845360825,2.9020750840170084
329,20,3.2408053904953045,0.4268041237113402,3.2408053904953045
329,64,4.098240023111471,0.21649484536082475,4.098240023111471
330,4,4.1367374336487055,0.2515463917525773,4.1367374336487055
330,59,4.217268799382422,0.36082474226804123,4.217268799382422
331,47,5.659818454764933,0.30515463917525776,5.659818454764933
331,90,5.583409067589021,0.23711340206185566,5.583409067589021
332,32,5.6218238850628985,0.27010309278350514,5.6218238850628985
332,20,5.295924064323698,0.29690721649484536,5.295924064323698
333,92,4.480315771028452,0.32783505154639175,4.480315771028452
333,66,4.837689826095176,0.21237113402061855,4.837689826095176
334,13,5.617836795975458,0.35051546391752575,5.617836795975458
334,22,6.507881678223496,0.2536082474226804,6.507881678223496
335,33,4.091736490293216,0.2721649484536082,4.091736490293216
335,3,4.931226890887195,0.23505154639175257,4.931226890887195
336,49,3.1158341114893675,0.2639175257731959,3.1158341114893675
336,15,5.0260144205255,0.2865979381443299,5.0260144205255
337,87,5.082622031052428,0.2804123711340206,5.082622031052428
337,56,6.0217943498387,0.2639175257731959,6.0217943498387
338,78,5.265874933290137,0.3917525773195876,5.265874933290137
338,7,3.747418083052944,0.3649484536082474,3.747418083052944
339,93,3.7494072418653235,0.3463917525773196,3.7494072418653235
339,11,5.504095046897921,0.3402061855670103,5.504095046897921
340,60,4.222832176962035,0.3216494845360825,4.222832176962035
340,40,5.333191943276863,0.3402061855670103,5.333191943276863
341,42,2.954397110442382,0.2948453608247423,2.954397110442382
341,29,4.975532215119787,0.3030927835051546,4.975532215119787
342,75,5.345251328738005,0.23711340206185566,5.345251328738005
342,9,5.7391914306929355,0.2804123711340206,5.7391914306929355
343,89,5.750533537862787,0.3319587628865979,5.750533537862787
343,84,5.192250985298078,0.32577319587628867,5.192250985298078
344,59,5.806891139713082,0.29896907216494845,5.806891139713082
344,82,2.042423060436559,0.31752577319587627,2.042423060436559
345,54,3.161823326317291,0.31752577319587627,3.161823326317291
345,51,4.807621358172323,0.29896907216494845,4.807621358172323
346,25,5.919387875961284,0.311340206185567,5.919387875961284
346,7,4.516709713043283,0.4247422680412371,4.516709713043283
347,27,5.557083375026597,0.2907216494845361,5.557083375026597
347,4,3.290610742487692,0.24948453608247423,3.290610742487692
348,64,6.067360561566377,0.23505154639175257,6.067360561566377
348,43,5.245921743204531,0.3134020618556701,5.245921743204531
349,95,5.339592217452782,0.32577319587628867,5.339592217452782
349,2,2.1625366621696536,0.311340206185567,2.1625366621696536
350,74,4.96063727968233,0.37938144329896906,4.96063727968233
350,44,4.341534493058906,0.3154639175257732,4.341534493058906
351,67,3.6025815983929887,0.3422680412371134,3.6025815983929887
351,8,4.816206035303558,0.32577319587628867,4.816206035303558
352,54,3.711151720302886,0.30515463917525776,3.711151720302886
352,33,5.238824096702427,0.28865979381443296,5.238824096702427
353,7,4.736278567562976,0.3030927835051546,4.736278567562976
353,51,5.429990192502362,0.25773195876288657,5.429990192502362
354,80,5.939565225317118,0.2927835051546392,5.939565225317118
354,4,6.367431734220583,0.3237113402061856,6.367431734220583
355,55,5.8186015684545165,0.3711340206185567,5.8186015684545165
355,74,4.445147658999658,0.45979381443298967,4.445147658999658
356,74,4.448414797861609,0.2721649484536082,4.448414797861609
356,18,4.337636196050342,0.27628865979381445,4.337636196050342
357,42,4.87030266503143,0.30721649484536084,4.87030266503143
357,10,4.85494880111197,0.3628865979381443,4.85494880111197
358,8,5.567507470684775,0.34845360824742266,5.567507470684775
358,28,3.1809085598091866,0.24329896907216494,3.1809085598091866
359,19,2.604493963860431,0.334020618556701,2.604493963860431
359,71,5.535693794319987,0.24948453608247423,5.535693794319987
360,58,6.375464513457314,0.27422680412371137,6.375464513457314
360,29,4.624846196765026,0.31752577319587627,4.624846196765026
361,92,3.6977617087904986,0.3030927835051546,3.6977617087904986
361,39,6.096008132976056,0.2556701030927835,6.096008132976056
362,6,4.047974526840878,0.2556701030927835,4.047974526840878
362,5,5.249330386804841,0.28865979381443296,5.249330386804841
363,95,5.219639353114125,0.25773195876288657,5.219639353114125
363,99,4.295268512305039,0.3463917525773196,4.295268512305039
364,7,5.5583407458806064,0.2721649484536082,5.5583407458806064
364,66,4.700195627007533,0.2948453608247423,4.700195627007533
365,57,5.265031510861742,0.2927835051546392,5.265031510861742
365,88,5.728058232597964,0.24948453608247423,5.728058232597964
366,51,5.927475134262608,0.27010309278350514,5.927475134262608
366,89,4.614818817469148,0.3154639175257732,4.614818817469148
367,69,5.1072830899939685,0.26597938144329897,5.1072830899939685
367,57,5.8731042776821845,0.33814432989690724,5.8731042776821845
368,54,6.09100217070473,0.30515463917525776,6.09100217070473
368,87,6.490685485855645,0.32989690721649484,6.490685485855645
369,2,5.921702278813804,0.33608247422680415,5.921702278813804
369,14,4.381708418893867,0.29896907216494845,4.381708418893867
370,6,4.215824036458172,0.32989690721649484,4.215824036458172
370,62,4.769894599499967,0.2721649484536082,4.769894599499967
371,49,6.057628383159951,0.3134020618556701,6.057628383159951
371,10,5.178381680453134,0.36082474226804123,5.178381680453134
372,67,4.813405803438958,0.27628865979381445,4.813405803438958
372,71,4.708084347282978,0.3402061855670103,4.708084347282978
373,28,3.8256256504093753,0.25773195876288657,3.8256256504093753
373,12,2.0810126566167253,0.14845360824742268,2.0810126566167253
374,74,4.97690420339192,0.26597938144329897,4.97690420339192
374,24,6.28526206366629,0.2845360824742268,6.28526206366629
375,99,5.897098764886272,0.4020618556701031,5.897098764886272
375,86,5.951516816863503,0.30515463917525776,5.951516816863503
376,60,4.455352406086214,0.24742268041237114,4.455352406086214
376,44,4.6615074169029524,0.27010309278350514,4.6615074169029524
377,95,6.79001461181299,0.2804123711340206,6.79001461181299
377,63,6.557373016622719,0.3216494845360825,6.557373016622719
378,84,3.621739792251827,0.2948453608247423,3.621739792251827
378,40,6.088669257484752,0.27835051546391754,6.088669257484752
379,14,4.765361376078978,0.3958762886597938,4.765361376078978
379,71,4.570246126746237,0.311340206185567,4.570246126746237
380,75,4.957443634712954,0.27628865979381445,4.957443634712954
380,26,5.2665398661400875,0.38762886597938145,5.2665398661400875
381,28,5.759017904647812,0.3237113402061856,5.759017904647812
381,5,4.884336032504627,0.24742268041237114,4.884336032504627
382,93,6.217628631917208,0.3030927835051546,6.217628631917208
382,6,4.230161178641949,0.3030927835051546,4.230161178641949
383,90,4.943744992979872,0.26597938144329897,4.943744992979872
383,51,5.479489541129522,0.27010309278350514,5.479489541129522
384,84,4.316665215004952,0.32783505154639175,4.316665215004952
384,18,3.706826258630099,0.311340206185567,3.706826258630099
385,67,4.019004873316103,0.22474226804123712,4.019004873316103
385,33,5.268932377596993,0.30721649484536084,5.268932377596993
386,10,5.808552634825307,0.25773195876288657,5.808552634825307
386,20,5.922797788776086,0.29690721649484536,5.922797788776086
387,91,1.6120372515958272,0.3628865979381443,1.6120372515958272
387,17,6.273848288053168,0.27628865979381445,6.273848288053168
388,14,5.9356099705477,0.30103092783505153,5.9356099705477
388,15,2.092220300929737,0.36082474226804123,2.092220300929737
389,67,4.8326658914479586,0.27422680412371137,4.8326658914479586
389,66,5.119604542663383,0.31752577319587627,5.119604542663383
390,74,5.014344448134552,0.36907216494845363,5.014344448134552
390,38,5.469448259372214,0.29896907216494845,5.469448259372214
391,71,6.375095954072979,0.26597938144329897,6.375095954072979
391,29,5.707021686368672,0.2948453608247423,5.707021686368672
392,82,5.528681170067917,0.2824742268041237,5.528681170067917
392,15,6.444996132261987,0.27010309278350514,6.444996132261987
393,74,5.883548130994161,0.32783505154639175,5.883548130994161
393,28,6.199427633608655,0.3030927835051546,6.199427633608655
394,76,6.123437691976795,0.2845360824742268,6.123437691976795
394,27,4.434896384306678,0.4020618556701031,4.434896384306678
395,6,0.5920314819379932,0.4268041237113402,0.5920314819379932
395,75,5.6397765061564815,0.27835051546391754,5.6397765061564815
396,69,3.8211021485371712,0.33608247422680415,3.8211021485371712
396,52,5.725845002353353,0.33608247422680415,5.725845002353353
397,69,5.328299192325046,0.27835051546391754,5.328299192325046
397,73,5.113506129054816,0.25773195876288657,5.113506129054816
398,5,0.5533641304968122,0.35670103092783506,0.5533641304968122
398,36,5.99028975114836,0.3649484536082474,5.99028975114836
399,91,5.597962217944066,0.32989690721649484,5.597962217944066
399,84,5.1558260589582465,0.30103092783505153,5.1558260589582465
400,3,6.745267258286491,0.2639175257731959,6.745267258286491
400,41,6.219507095093963,0.31958762886597936,6.219507095093963
401,5,4.592281061428753,0.2721649484536082,4.592281061428753
401,19,5.501204109465319,0.2865979381443299,5.501204109465319
402,92,5.692804233927147,0.2927835051546392,5.692804233927147
402,98,5.968745532278407,0.3319587628865979,5.968745532278407
403,90,4.197397956103034,0.2907216494845361,4.197397956103034
403,55,3.5548939163816944,0.24536082474226803,3.5548939163816944
404,89,5.312545890333417,0.3134020618556701,5.312545890333417
404,69,3.6172854048736616,0.24742268041237114,3.6172854048736616
405,97,5.288503270592328,0.2536082474226804,5.288503270592328
405,32,4.167702337886199,0.2639175257731959,4.167702337886199
406,7,6.310753291882214,0.3237113402061856,6.310753291882214
406,91,4.6111539758285724,0.30927835051546393,4.6111539758285724
407,97,4.317927891788476,0.26597938144329897,4.317927891788476
407,75,6.24673204115555,0.35051546391752575,6.24673204115555
408,55,4.904058912112862,0.27628865979381445,4.904058912112862
408,60,4.726570042472491,0.3030927835051546,4.726570042472491
409,62,5.799307437846324,0.32577319587628867,5.799307437846324
409,84,4.5953646224219,0.33814432989690724,4.5953646224219
410,60,4.287588558495692,0.29690721649484536,4.287588558495692
410,85,3.1665239757616375,0.33608247422680415,3.1665239757616375
411,88,4.128051648281027,0.2639175257731959,4.128051648281027
411,10,5.322856464541416,0.3443298969072165,5.322856464541416
412,27,5.034615727468823,0.27628865979381445,5.034615727468823
412,11,5.947096100849836,0.3030927835051546,5.947096100849836
413,69,3.8580906256412844,0.30515463917525776,3.8580906256412844
413,1,6.185569771227413,0.2824742268041237,6.185569771227413
414,44,4.892676996575154,0.30515463917525776,4.892676996575154
414,33,5.142189189451242,0.4061855670103093,5.142189189451242
415,5,6.808358599867966,0.32783505154639175,6.808358599867966
415,19,5.23751209474303,0.30103092783505153,5.23751209474303
416,8,4.144315462987875,0.2288659793814433,4.144315462987875
416,54,4.415335463894702,0.29690721649484536,4.415335463894702
417,62,5.802520367003803,0.2907216494845361,5.802520367003803
417,77,2.652497768670247,0.30721649484536084,2.652497768670247
418,85,6.182753674891923,0.25773195876288657,6.182753674891923
418,94,3.256830934160954,0.32783505154639175,3.256830934160954
419,90,5.333374666533246,0.27422680412371137,5.333374666533246
419,83,5.46748393206299,0.2804123711340206,5.46748393206299
420,12,5.0834070459567995,0.26804123711340205,5.0834070459567995
420,44,6.4411102676012275,0.3216494845360825,6.4411102676012275
421,18,6.591823545599214,0.3216494845360825,6.591823545599214
421,51,5.135653655877274,0.2907216494845361,5.135653655877274
422,94,6.203131776889937,0.3216494845360825,6.203131776889937
422,91,3.927033503031308,0.18350515463917524,3.927033503031308
423,42,5.295309932420216,0.30103092783505153,5.295309932420216
423,14,5.625604883071196,0.33814432989690724,5.625604883071196
424,13,6.3880273378690156,0.33608247422680415,6.3880273378690156
424,72,3.7277647074496647,0.311340206185567,3.7277647074496647
425,12,5.547434691844673,0.24948453608247423,5.547434691844673
425,66,6.449480053972974,0.26804123711340205,6.449480053972974
426,51,5.975456831785077,0.2618556701030928,5.975456831785077
426,89,6.487132423915794,0.2597938144329897,6.487132423915794
427,50,7.07218605677659,0.2721649484536082,7.07218605677659
427,38,3.9200597846759555,0.3525773195876289,3.9200597846759555
428,6,6.141075047362693,0.311340206185567,6.141075047362693
428,8,5.09391151640902,0.31752577319587627,5.09391151640902
429,84,4.643324472707282,0.2556701030927835,4.643324472707282
429,10,4.4516515158689405,0.2948453608247423,4.4516515158689405
430,88,4.476300878708778,0.2927835051546392,4.476300878708778
430,32,4.752939162484595,0.28865979381443296,4.752939162484595
431,34,6.546251718228769,0.3443298969072165,6.546251718228769
431,35,5.8867231231031,0.2556701030927835,5.8867231231031
432,60,4.38916232742205,0.28865979381443296,4.38916232742205
432,52,5.2671537637502,0.3670103092783505,5.2671537637502
433,10,5.749096897787605,0.30103092783505153,5.749096897787605
433,53,6.013366670083174,0.3752577319587629,6.013366670083174
434,33,6.956266894124218,0.2948453608247423,6.956266894124218
434,42,5.218488809381633,0.24536082474226803,5.218488809381633
435,97,1.5979131287651636,0.30515463917525776,1.5979131287651636
435,55,6.009269734131778,0.32783505154639175,6.009269734131778
436,84,6.357081766436074,0.20618556701030927,6.357081766436074
436,83,4.333456004857187,0.2824742268041237,4.333456004857187
437,72,5.595358745758352,0.29690721649484536,5.595358745758352
437,14,4.48599618672366,0.2536082474226804,4.48599618672366
438,69,7.224728285669858,0.2597938144329897,7.224728285669858
438,8,5.482817333606596,0.34845360824742266,5.482817333606596
439,32,2.960750102958037,0.3134020618556701,2.960750102958037
439,29,6.851567820532095,0.27010309278350514,6.851567820532095
440,90,5.161780013326689,0.24123711340206186,5.161780013326689
440,70,5.744752590063247,0.3237113402061856,5.744752590063247
441,54,5.670714462674756,0.3216494845360825,5.670714462674756
441,21,3.202993398023616,0.3525773195876289,3.202993398023616
442,67,4.330739739463895,0.2721649484536082,4.330739739463895
442,10,4.9433834191456585,0.3835051546391753,4.9433834191456585
443,97,5.082590176255034,0.3154639175257732,5.082590176255034
443,52,5.993449125883293,0.35670103092783506,5.993449125883293
444,88,6.23039803980183,0.32577319587628867,6.23039803980183
444,70,5.4567003278218875,0.27628865979381445,5.4567003278218875
445,60,4.821896174333542,0.3134020618556701,4.821896174333542
445,70,4.929482677339861,0.2536082474226804,4.929482677339861
446,21,6.0727686432758015,0.3216494845360825,6.0727686432758015
446,64,6.545172301719804,0.33608247422680415,6.545172301719804
447,73,7.503904974297892,0.27422680412371137,7.503904974297892
447,12,6.242654458843395,0.26804123711340205,6.242654458843395
448,67,5.758658099240693,0.30721649484536084,5.758658099240693
448,20,4.165418034120254,0.21855670103092784,4.165418034120254
449,42,6.081455958594414,0.3835051546391753,6.081455958594414
449,99,7.019899346879851,0.32783505154639175,7.019899346879851
450,70,6.193566455714152,0.24329896907216494,6.193566455714152
450,43,4.021392124025811,0.27010309278350514,4.021392124025811
451,54,5.835633253848038,0.31752577319587627,5.835633253848038
451,76,6.462514042741643,0.32577319587628867,6.462514042741643
452,100,5.180788107536417,0.30103092783505153,5.180788107536417
452,23,5.7926572419591915,0.18762886597938144,5.7926572419591915
453,82,4.118812800006236,0.30927835051546393,4.118812800006236
453,81,5.807655348405043,0.36082474226804123,5.807655348405043
454,9,5.03450836557352,0.4144329896907217,5.03450836557352
454,57,6.3598749088858755,0.3525773195876289,6.3598749088858755
455,9,4.401722247062381,0.36082474226804123,4.401722247062381
455,52,5.682742294416913,0.3319587628865979,5.682742294416913
456,61,5.752562089720049,0.2927835051546392,5.752562089720049
456,41,7.663358221766316,0.2845360824742268,7.663358221766316
457,82,3.9274754828630445,0.19175257731958764,3.9274754828630445
457,81,6.822982047280545,0.334020618556701,6.822982047280545
458,10,6.351662144690693,0.33608247422680415,6.351662144690693
458,27,4.936544852066548,0.24742268041237114,4.936544852066548
459,52,6.228968713838403,0.33608247422680415,6.228968713838403
459,25,5.414647265111192,0.4,5.414647265111192
460,60,4.10755946732862,0.32577319587628867,4.10755946732862
460,25,0.8872608192644122,0.3649484536082474,0.8872608192644122
461,82,6.31636034297075,0.25773195876288657,6.31636034297075
461,92,5.159950339644327,0.32577319587628867,5.159950339644327
462,9,6.332777396196359,0.3402061855670103,6.332777396196359
462,100,4.421565517309535,0.2804123711340206,4.421565517309535
463,37,5.0541332138967725,0.3216494845360825,5.0541332138967725
463,1,5.774405663482545,0.29690721649484536,5.774405663482545
464,2,6.7954441517758,0.27422680412371137,6.7954441517758
464,48,5.6316280120327535,0.30515463917525776,5.6316280120327535
465,25,4.318385999625596,0.32989690721649484,4.318385999625596
465,70,6.231224111794122,0.2865979381443299,6.231224111794122
466,46,5.90563745886219,0.34845360824742266,5.90563745886219
466,56,5.857738307139764,0.29690721649484536,5.857738307139764
467,38,6.459151168276474,0.2618556701030928,6.459151168276474
467,25,5.41281898766633,0.27010309278350514,5.41281898766633
468,92,5.8608889429845465,0.3030927835051546,5.8608889429845465
468,96,5.172742190673863,0.24536082474226803,5.172742190673863
469,80,6.996015261697121,0.36907216494845363,6.996015261697121
469,93,5.263989385293172,0.27835051546391754,5.263989385293172
470,43,5.774011495610903,0.33608247422680415,5.774011495610903
470,30,6.9089699218840055,0.24742268041237114,6.9089699218840055
471,91,5.736032674598143,0.2845360824742268,5.736032674598143
471,92,6.396480338104064,0.32577319587628867,6.396480338104064
472,100,6.778316519349727,0.30103092783505153,6.778316519349727
472,47,7.0151300524155396,0.2639175257731959,7.0151300524155396
473,74,4.874586519987746,0.3938144329896907,4.874586519987746
473,35,5.756590158909812,0.32783505154639175,5.756590158909812
474,23,4.56435029270252,0.3670103092783505,4.56435029270252
474,86,5.334614132839316,0.30103092783505153,5.334614132839316
475,77,7.135947147182508,0.3216494845360825,7.135947147182508
475,43,6.536345864876177,0.2948453608247423,6.536345864876177
476,59,4.690054365597826,0.3649484536082474,4.690054365597826
476,85,5.200809361239302,0.3463917525773196,5.200809361239302
477,8,5.200435069083248,0.311340206185567,5.200435069083248
477,56,4.948051752217779,0.26597938144329897,4.948051752217779
478,26,5.003440990918434,0.30515463917525776,5.003440990918434
478,31,5.8558736784946515,0.3030927835051546,5.8558736784946515
479,70,5.53773500715874,0.29690721649484536,5.53773500715874
479,17,5.203728786375231,0.3938144329896907,5.203728786375231
480,94,5.80267088288197,0.2597938144329897,5.80267088288197
480,52,7.1905801663533575,0.3402061855670103,7.1905801663533575
481,25,5.72017780535254,0.35051546391752575,5.72017780535254
481,48,5.01395481305504,0.26804123711340205,5.01395481305504
482,96,5.029036877748729,0.30927835051546393,5.029036877748729
482,51,5.2577494926502,0.30927835051546393,5.2577494926502
483,17,2.426266699659271,0.4927835051546392,2.426266699659271
483,98,4.829777793763968,0.31958762886597936,4.829777793763968
484,26,3.681378022077958,0.29896907216494845,3.681378022077958
484,93,4.5917383777913,0.30515463917525776,4.5917383777913
485,98,5.207506210597738,0.27422680412371137,5.207506210597738
485,53,6.3533421570596404,0.311340206185567,6.3533421570596404
486,26,5.019704256944709,0.29896907216494845,5.019704256944709
486,25,5.643992614699415,0.26804123711340205,5.643992614699415
487,74,5.753107033600004,0.2907216494845361,5.753107033600004
487,40,5.8101390282289955,0.20824742268041238,5.8101390282289955
488,55,5.139673201923811,0.30103092783505153,5.139673201923811
488,39,6.158510476866143,0.29896907216494845,6.158510476866143
489,67,5.891376051511445,0.3216494845360825,5.891376051511445
489,36,5.927889063983145,0.311340206185567,5.927889063983145
490,83,4.504471128235048,0.3154639175257732,4.504471128235048
490,88,5.574826420800304,0.2020618556701031,5.574826420800304
491,35,5.884106765454944,0.25773195876288657,5.884106765454944
491,54,6.067396716993084,0.3237113402061856,6.067396716993084
492,20,4.445173499284617,0.30103092783505153,4.445173499284617
492,83,5.414374453043166,0.3134020618556701,5.414374453043166
493,97,6.266617401967214,0.3154639175257732,6.266617401967214
493,90,3.4539566515402087,0.30721649484536084,3.4539566515402087
494,59,2.9598306037409885,0.26804123711340205,2.9598306037409885
494,83,4.237336214345712,0.19175257731958764,4.237336214345712
495,19,4.601449720739182,0.3443298969072165,4.601449720739182
495,62,6.107395450316671,0.2618556701030928,6.107395450316671
496,14,6.145193078285852,0.3443298969072165,6.145193078285852
496,37,7.186532921838597,0.30515463917525776,7.186532921838597
497,17,5.261646590878783,0.21237113402061855,5.261646590878783
497,86,2.529048955562868,0.30927835051546393,2.529048955562868
498,98,5.08403960482079,0.41649484536082476,5.08403960482079
498,28,6.313921001538205,0.26804123711340205,6.313921001538205
499,60,7.378806403961399,0.2824742268041237,7.378806403961399
499,17,5.140488022423396,0.31958762886597936,5.140488022423396
500,40,5.767011107977229,0.2865979381443299,5.767011107977229
500,28,3.575400257414644,0.2824742268041237,3.575400257414644
501,36,6.747263940290321,0.3134020618556701,6.747263940290321
501,11,6.362283737010166,0.2804123711340206,6.362283737010166
502,12,5.972080459944993,0.3443298969072165,5.972080459944993
502,82,5.710424416158555,0.3154639175257732,5.710424416158555
503,78,6.295689894113416,0.2721649484536082,6.295689894113416
503,61,5.315004794804831,0.24948453608247423,5.315004794804831
504,7,4.050695299864918,0.2907216494845361,4.050695299864918
504,53,6.834776654543137,0.31958762886597936,6.834776654543137
505,93,5.944799764286515,0.27835051546391754,5.944799764286515
505,31,5.6128169922533235,0.3422680412371134,5.6128169922533235
506,56,4.850333585708644,0.35051546391752575,4.850333585708644
506,40,7.662524745500275,0.2907216494845361,7.662524745500275
507,17,6.135330180831184,0.334020618556701,6.135330180831184
507,85,4.426302764495889,0.3134020618556701,4.426302764495889
508,98,6.032131156373335,0.2556701030927835,6.032131156373335
508,49,6.152624291660854,0.2824742268041237,6.152624291660854
509,85,6.990666751711004,0.2865979381443299,6.990666751711004
509,84,6.312227688253255,0.3030927835051546,6.312227688253255
510,83,4.070164600226357,0.3134020618556701,4.070164600226357
510,39,4.576893775653927,0.10927835051546392,4.576893775653927
511,26,4.481295294381169,0.24329896907216494,4.481295294381169
511,70,5.417054266699496,0.29690721649484536,5.417054266699496
512,31,7.056852836262574,0.30927835051546393,7.056852836262574
512,82,7.184300801098569,0.2927835051546392,7.184300801098569
513,20,6.689234970650758,0.33608247422680415,6.689234970650758
513,48,6.7476300863455005,0.3030927835051546,6.7476300863455005
514,21,3.793145464963514,0.2804123711340206,3.793145464963514
514,84,5.784876862227752,0.3237113402061856,5.784876862227752
515,38,6.727145191614134,0.3319587628865979,6.727145191614134
515,36,6.628574962794549,0.29690721649484536,6.628574962794549
516,39,6.339300977196681,0.26804123711340205,6.339300977196681
516,74,3.6358517892856037,0.3402061855670103,3.6358517892856037
517,51,5.845446838273505,0.25773195876288657,5.845446838273505
517,1,6.166976555038643,0.27835051546391754,6.166976555038643
518,21,6.334128333687355,0.2639175257731959,6.334128333687355
518,71,7.459482261172676,0.311340206185567,7.459482261172676
519,59,6.679269108229029,0.26597938144329897,6.679269108229029
519,25,5.501641847817191,0.32989690721649484,5.501641847817191
520,83,5.218697620993672,0.2824742268041237,5.218697620993672
520,96,6.169599749006666,0.2721649484536082,6.169599749006666
521,74,6.049355945118216,0.27422680412371137,6.049355945118216
521,34,7.679144017224417,0.30927835051546393,7.679144017224417
522,49,5.514892087901722,0.27422680412371137,5.514892087901722
522,59,6.05693081479288,0.27010309278350514,6.05693081479288
523,25,6.916940682729235,0.30721649484536084,6.916940682729235
523,6,5.861181915116336,0.32989690721649484,5.861181915116336
524,94,6.926724860775749,0.30103092783505153,6.926724860775749
524,4,6.276811045109751,0.3216494845360825,6.276811045109751
525,27,5.9086033880364255,0.30721649484536084,5.9086033880364255
525,6,6.37245360786137,0.32989690721649484,6.37245360786137
526,87,5.819026643805031,0.354639175257732,5.819026643805031
526,64,5.748206865949545,0.2927835051546392,5.748206865949545
527,54,6.049621282581651,0.30721649484536084,6.049621282581651
527,11,6.503433508066664,0.32989690721649484,6.503433508066664
528,42,5.584498362081507,0.311340206185567,5.584498362081507
528,62,6.081818357466824,0.2845360824742268,6.081818357466824
529,91,5.042454215283783,0.28865979381443296,5.042454215283783
529,35,5.060586122736,0.2927835051546392,5.060586122736
530,26,5.25811710296684,0.37731958762886597,5.25811710296684
530,70,6.096304482113175,0.26804123711340205,6.096304482113175
531,54,5.805206422838384,0.32989690721649484,5.805206422838384
531,75,5.667321162836531,0.24536082474226803,5.667321162836531
532,93,4.589259368995199,0.334020618556701,4.589259368995199
532,68,3.0721385817359077,0.34845360824742266,3.0721385817359077
533,16,7.006386610670596,0.2948453608247423,7.006386610670596
533,27,5.127085115097268,0.3402061855670103,5.127085115097268
534,68,4.69591873211358,0.4,4.69591873211358
534,70,3.762654292424693,0.2536082474226804,3.762654292424693
535,8,3.8146935131796114,0.31752577319587627,3.8146935131796114
535,72,6.317013493306831,0.2927835051546392,6.317013493306831
536,91,6.080749633768426,0.3154639175257732,6.080749633768426
536,61,6.126161776524663,0.3402061855670103,6.126161776524663
537,19,5.529064227931195,0.32989690721649484,5.529064227931195
537,4,6.267712071748271,0.2618556701030928,6.267712071748271
538,32,5.7508238429774625,0.27010309278350514,5.7508238429774625
538,23,3.618379702047574,0.30515463917525776,3.618379702047574
539,68,4.526115176325603,0.23711340206185566,4.526115176325603
539,78,6.916318073061253,0.32577319587628867,6.916318073061253
540,97,5.680506948823324,0.3319587628865979,5.680506948823324
540,66,7.96055693700537,0.28865979381443296,7.96055693700537
541,46,6.0320392319488585,0.2288659793814433,6.0320392319488585
541,92,4.544914120367592,0.31752577319587627,4.544914120367592
542,68,5.271434002059842,0.2865979381443299,5.271434002059842
542,19,6.386918297504758,0.3402061855670103,6.386918297504758
543,84,6.069817136203681,0.31958762886597936,6.069817136203681
543,45,7.8473002036251875,0.2927835051546392,7.8473002036251875
544,20,7.662512855554369,0.24948453608247423,7.662512855554369
544,95,4.0697632492783,0.4061855670103093,4.0697632492783
545,28,4.770628385318043,0.4268041237113402,4.770628385318043
545,8,6.020735145073116,0.354639175257732,6.020735145073116
546,35,7.6514554923338265,0.29690721649484536,7.6514554923338265
546,14,6.999398484789873,0.30515463917525776,6.999398484789873
547,55,6.77734483973946,0.24329896907216494,6.77734483973946
547,64,7.120377323711754,0.2865979381443299,7.120377323711754
548,86,7.004584818442594,0.3422680412371134,7.004584818442594
548,90,6.265006154931255,0.30721649484536084,6.265006154931255
549,91,4.6849437412910975,0.38969072164948454,4.6849437412910975
549,62,4.782220489433718,0.4350515463917526,4.782220489433718
550,83,6.672008533541755,0.38969072164948454,6.672008533541755
550,24,7.1118911369260625,0.2618556701030928,7.1118911369260625
551,90,6.006592304528068,0.3237113402061856,6.006592304528068
551,21,5.621110171570016,0.23505154639175257,5.621110171570016
552,88,6.322340083535628,0.29690721649484536,6.322340083535628
552,21,6.644488877589999,0.32577319587628867,6.644488877589999
553,8,7.179268916458809,0.3237113402061856,7.179268916458809
553,19,6.716446824734073,0.2845360824742268,6.716446824734073
554,51,6.631889728638871,0.25773195876288657,6.631889728638871
554,84,5.6271677083883835,0.354639175257732,5.6271677083883835
555,26,6.9363581236842125,0.2556701030927835,6.9363581236842125
555,88,5.092190091749634,0.3237113402061856,5.092190091749634
556,95,6.230085248597212,0.2721649484536082,6.230085248597212
556,9,6.056256531266941,0.30515463917525776,6.056256531266941
557,42,6.741210308343075,0.30515463917525776,6.741210308343075
557,65,5.726955066704429,0.30927835051546393,5.726955066704429
558,75,5.770437490287705,0.31958762886597936,5.770437490287705
558,100,6.347560447267656,0.3711340206185567,6.347560447267656
559,23,7.221622467614333,0.3649484536082474,7.221622467614333
559,84,7.102013433379926,0.2556701030927835,7.102013433379926
560,7,5.556679718505358,0.27422680412371137,5.556679718505358
560,65,5.325354272082561,0.2948453608247423,5.325354272082561
561,76,3.9425105830597627,0.20618556701030927,3.9425105830597627
561,89,6.760602630137277,0.2288659793814433,6.760602630137277
562,94,5.469641112615735,0.2927835051546392,5.469641112615735
562,26,7.798590544433789,0.2556701030927835,7.798590544433789
563,63,6.455192817044721,0.30515463917525776,6.455192817044721
563,78,5.617249774832575,0.35670103092783506,5.617249774832575
564,7,4.683564955313072,0.30927835051546393,4.683564955313072
564,15,6.221160627966481,0.3463917525773196,6.221160627966481
565,70,5.887906631204762,0.3134020618556701,5.887906631204762
565,59,5.988364188898002,0.3422680412371134,5.988364188898002
566,7,7.119072649123101,0.30515463917525776,7.119072649123101
566,79,3.3291098292280523,0.33608247422680415,3.3291098292280523
567,10,7.073523799613075,0.3154639175257732,7.073523799613075
567,36,6.470539258561559,0.4,6.470539258561559
568,32,4.464533231252872,0.34845360824742266,4.464533231252872
568,75,7.162348537999565,0.30103092783505153,7.162348537999565
569,68,7.385242964611323,0.2907216494845361,7.385242964611323
569,43,5.554258735057462,0.2845360824742268,5.554258735057462
570,88,6.664124668402504,0.30515463917525776,6.664124668402504
570,55,6.500068557429054,0.32577319587628867,6.500068557429054
571,56,5.502009796443636,0.354639175257732,5.502009796443636
571,54,6.307043801880815,0.31752577319587627,6.307043801880815
572,70,7.40773921965095,0.24948453608247423,7.40773921965095
572,67,5.542283229208685,0.27628865979381445,5.542283229208685
573,79,6.033802105103616,0.2824742268041237,6.033802105103616
573,90,5.720573907538664,0.27422680412371137,5.720573907538664
574,15,6.213690421254046,0.3649484536082474,6.213690421254046
574,85,7.436307878571824,0.3030927835051546,7.436307878571824
575,92,5.615853916467491,0.2639175257731959,5.615853916467491
575,46,6.611423281039432,0.27835051546391754,6.611423281039432
576,57,6.434461915196563,0.27422680412371137,6.434461915196563
576,33,6.860299305615219,0.30721649484536084,6.860299305615219
577,56,7.326042958983852,0.2804123711340206,7.326042958983852
577,78,6.454098402569784,0.3134020618556701,6.454098402569784
578,21,5.136647115892057,0.33608247422680415,5.136647115892057
578,33,6.8408874639698185,0.3030927835051546,6.8408874639698185
579,87,5.082237511884933,0.32783505154639175,5.082237511884933
579,39,5.775057088467573,0.29896907216494845,5.775057088467573
580,61,5.925605042414803,0.30515463917525776,5.925605042414803
580,1,7.134629104884237,0.354639175257732,7.134629104884237
581,32,6.707995985478847,0.3030927835051546,6.707995985478847
581,96,7.541049658801527,0.2824742268041237,7.541049658801527
582,65,4.764549216675397,0.30721649484536084,4.764549216675397
582,61,4.2889982549475265,0.45979381443298967,4.2889982549475265
583,65,6.84490005461634,0.36907216494845363,6.84490005461634
583,97,7.469059392768733,0.3649484536082474,7.469059392768733
584,21,6.1936362900533615,0.30515463917525776,6.1936362900533615
584,17,5.848383785862598,0.2639175257731959,5.848383785862598
585,100,5.6285864893535615,0.2927835051546392,5.6285864893535615
585,32,5.77207938437558,0.32989690721649484,5.77207938437558
586,76,5.765872556605116,0.3216494845360825,5.765872556605116
586,39,6.497404972231395,0.3670103092783505,6.497404972231395
587,91,5.138181627514078,0.3670103092783505,5.138181627514078
587,54,6.472426958331349,0.2927835051546392,6.472426958331349
588,9,6.0005128357718505,0.3134020618556701,6.0005128357718505
588,22,6.249099194128437,0.27835051546391754,6.249099194128437
589,4,5.556565540607232,0.27628865979381445,5.556565540607232
589,44,6.721945438858239,0.35670103092783506,6.721945438858239
590,79,5.78942260916775,0.3422680412371134,5.78942260916775
590,74,2.7183557301335077,0.24329896907216494,2.7183557301335077
591,58,5.173813191945901,0.23917525773195877,5.173813191945901
591,63,5.1340074086101035,0.3979381443298969,5.1340074086101035
592,87,6.0103848413182535,0.27835051546391754,6.0103848413182535
592,81,6.1014632971950284,0.30721649484536084,6.1014632971950284
593,92,4.729832469076718,0.3319587628865979,4.729832469076718
593,98,6.616007255179675,0.26597938144329897,6.616007255179675
594,62,7.6900371255709565,0.2288659793814433,7.6900371255709565
594,79,5.942459154162442,0.2865979381443299,5.942459154162442
595,74,4.9222224398605015,0.30103092783505153,4.9222224398605015
595,92,6.873261820876766,0.3030927835051546,6.873261820876766
596,28,5.3635145319228625,0.30927835051546393,5.3635145319228625
596,6,5.201625761687502,0.3463917525773196,5.201625761687502
597,63,7.801413917327723,0.3134020618556701,7.801413917327723
597,57,5.505374082547062,0.2804123711340206,5.505374082547062
598,94,6.471588864098016,0.2721649484536082,6.471588864098016
598,55,5.567082642708433,0.30515463917525776,5.567082642708433
599,43,5.5430909833569,0.334020618556701,5.5430909833569
599,54,6.429546259477719,0.34845360824742266,6.429546259477719
600,74,7.498982077916745,0.30721649484536084,7.498982077916745
600,46,6.759832877923226,0.2556701030927835,6.759832877923226
601,55,4.6367447746044945,0.37731958762886597,4.6367447746044945
601,12,6.439551119880964,0.2804123711340206,6.439551119880964
602,49,6.921052171954133,0.31958762886597936,6.921052171954133
602,78,6.3580410829479606,0.2927835051546392,6.3580410829479606
603,32,7.524992951015125,0.2597938144329897,7.524992951015125
603,86,6.891263814021702,0.2618556701030928,6.891263814021702
604,57,7.6561322476136375,0.3319587628865979,7.6561322476136375
604,54,6.184939784468559,0.30515463917525776,6.184939784468559
605,17,4.487345494525744,0.23917525773195877,4.487345494525744
605,59,6.969511468146098,0.26597938144329897,6.969511468146098
606,6,7.471406111485263,0.27422680412371137,7.471406111485263
606,67,6.8412585863690545,0.30927835051546393,6.8412585863690545
607,55,5.925936932038963,0.3319587628865979,5.925936932038963
607,18,5.083287034130993,0.3422680412371134,5.083287034130993
608,13,6.131969916101416,0.33814432989690724,6.131969916101416
608,11,4.851884265434247,0.31752577319587627,4.851884265434247
609,93,6.764574772882137,0.30927835051546393,6.764574772882137
609,79,7.817126663904081,0.2865979381443299,7.817126663904081
610,13,7.59182175507747,0.2515463917525773,7.59182175507747
610,51,7.199778853473559,0.34845360824742266,7.199778853473559
611,28,6.095090878397602,0.3134020618556701,6.095090878397602
611,44,6.043678075162805,0.2804123711340206,6.043678075162805
612,27,6.42146535549211,0.27010309278350514,6.42146535549211
612,39,6.94932407729027,0.2845360824742268,6.94932407729027
613,91,6.002941795691901,0.24536082474226803,6.002941795691901
613,44,6.243591197963802,0.32783505154639175,6.243591197963802
614,3,7.401932999098251,0.2804123711340206,7.401932999098251
614,75,7.539766232216853,0.27628865979381445,7.539766232216853
615,91,6.9588937681846375,0.38762886597938145,6.9588937681846375
615,5,5.69281057688789,0.23711340206185566,5.69281057688789
616,1,6.966628566246262,0.2721649484536082,6.966628566246262
616,69,5.095576540956581,0.3422680412371134,5.095576540956581
617,76,5.9647160322739845,0.3030927835051546,5.9647160322739845
617,92,7.223497762032306,0.3154639175257732,7.223497762032306
618,17,7.794834464786204,0.30721649484536084,7.794834464786204
618,69,7.257491743389421,0.2824742268041237,7.257491743389421
619,11,6.624965132180459,0.2948453608247423,6.624965132180459
619,9,5.317805482879955,0.3422680412371134,5.317805482879955
620,90,7.000121990709271,0.31958762886597936,7.000121990709271
620,39,5.30647214838338,0.3319587628865979,5.30647214838338
621,22,6.688499073495892,0.33608247422680415,6.688499073495892
621,42,6.96341141521992,0.37938144329896906,6.96341141521992
622,43,7.2180859664759485,0.30103092783505153,7.2180859664759485
622,52,6.552001558331869,0.311340206185567,6.552001558331869
623,100,5.83882879437054,0.2845360824742268,5.83882879437054
623,48,4.167352418906059,0.3711340206185567,4.167352418906059
624,76,7.15134563089325,0.3463917525773196,7.15134563089325
624,15,5.8766791303840975,0.36907216494845363,5.8766791303840975
625,61,7.5894962978328815,0.2845360824742268,7.5894962978328815
625,93,5.618093493390446,0.2804123711340206,5.618093493390446
626,44,6.865410847740571,0.30927835051546393,6.865410847740571
626,89,5.536611078166673,0.31752577319587627,5.536611078166673
627,15,6.044392254743423,0.3030927835051546,6.044392254743423
627,86,5.286599124820759,0.3525773195876289,5.286599124820759
628,48,6.075546225798825,0.2845360824742268,6.075546225798825
628,18,6.387733572393861,0.2721649484536082,6.387733572393861
629,21,6.962547159342368,0.3216494845360825,6.962547159342368
629,36,6.220250091956255,0.3422680412371134,6.220250091956255
630,28,6.5540071186972835,0.2804123711340206,6.5540071186972835
630,95,7.24644842936573,0.3216494845360825,7.24644842936573
631,25,5.2615872282936555,0.311340206185567,5.2615872282936555
631,49,8.23967206817387,0.27422680412371137,8.23967206817387
632,52,5.945459563014724,0.3154639175257732,5.945459563014724
632,30,5.861031003563966,0.2907216494845361,5.861031003563966
633,25,6.854166979930112,0.30927835051546393,6.854166979930112
633,9,5.7980188906877075,0.354639175257732,5.7980188906877075
634,39,6.974968082869776,0.31958762886597936,6.974968082869776
634,9,7.404208588309525,0.2824742268041237,7.404208588309525
635,100,7.6211631270367555,0.3134020618556701,7.6211631270367555
635,11,6.388854930202594,0.27010309278350514,6.388854930202594
636,54,6.210198240750739,0.311340206185567,6.210198240750739
636,43,5.865087208033133,0.3134020618556701,5.865087208033133
637,72,5.5066515252783415,0.3154639175257732,5.5066515252783415
637,2,6.504089103416344,0.2824742268041237,6.504089103416344
638,58,6.957570886786042,0.25773195876288657,6.957570886786042
638,30,5.800606762672072,0.30721649484536084,5.800606762672072
639,46,6.552925843818896,0.3237113402061856,6.552925843818896
639,58,5.238722897352354,0.24329896907216494,5.238722897352354
640,27,6.229642812611603,0.3319587628865979,6.229642812611603
640,22,5.222172862798915,0.30515463917525776,5.222172862798915
641,14,6.092652447472576,0.35051546391752575,6.092652447472576
641,37,6.253859732703085,0.3463917525773196,6.253859732703085
642,55,6.72417651697503,0.2865979381443299,6.72417651697503
642,98,6.790372094925486,0.3835051546391753,6.790372094925486
643,14,6.219816060740508,0.3402061855670103,6.219816060740508
643,27,5.936528803674082,0.24742268041237114,5.936528803674082
644,21,7.325681149186518,0.2536082474226804,7.325681149186518
644,39,7.500829345811882,0.311340206185567,7.500829345811882
645,87,3.7592485340695454,0.2556701030927835,3.7592485340695454
645,14,4.126985083717222,0.32577319587628867,4.126985083717222
646,25,6.835347629475101,0.311340206185567,6.835347629475101
646,91,5.790944153928569,0.33814432989690724,5.790944153928569
647,19,6.906052483350314,0.27835051546391754,6.906052483350314
647,7,6.455821194197063,0.32783505154639175,6.455821194197063
648,55,4.198334982275503,0.3134020618556701,4.198334982275503
648,70,5.267937627834723,0.27010309278350514,5.267937627834723
649,58,6.022471369644498,0.32577319587628867,6.022471369644498
649,43,5.982960989285548,0.33608247422680415,5.982960989285548
650,14,8.209437296582513,0.24123711340206186,8.209437296582513
650,2,6.323823292182804,0.23917525773195877,6.323823292182804
651,72,7.410043927037801,0.30927835051546393,7.410043927037801
651,52,5.71269408453644,0.33608247422680415,5.71269408453644
652,58,6.790225349632226,0.311340206185567,6.790225349632226
652,33,7.360393932241556,0.3463917525773196,7.360393932241556
653,36,6.259620781631889,0.30927835051546393,6.259620781631889
653,94,5.9864485851914475,0.31958762886597936,5.9864485851914475
654,87,6.519861770850722,0.31752577319587627,6.519861770850722
654,65,6.862475743006477,0.35051546391752575,6.862475743006477
655,94,5.817682169677481,0.3670103092783505,5.817682169677481
655,36,4.479907135331429,0.22474226804123712,4.479907135331429
656,94,7.336538650072359,0.36082474226804123,7.336538650072359
656,76,6.688451292843387,0.3216494845360825,6.688451292843387
657,30,4.29380161973012,0.2845360824742268,4.29380161973012
657,1,3.319060272435763,0.4144329896907217,3.319060272435763
658,30,4.7999096621853,0.3134020618556701,4.7999096621853
658,36,6.180189193698415,0.30515463917525776,6.180189193698415
659,11,6.370864812880142,0.24536082474226803,6.370864812880142
659,25,6.473538525644427,0.2721649484536082,6.473538525644427
660,91,5.992836195848693,0.3030927835051546,5.992836195848693
660,18,6.070991674946884,0.3463917525773196,6.070991674946884
661,5,6.477927958049313,0.33608247422680415,6.477927958049313
661,54,5.872500079261537,0.3525773195876289,5.872500079261537
662,76,6.186147101479307,0.29896907216494845,6.186147101479307
662,67,5.814729000260878,0.2721649484536082,5.814729000260878
663,30,6.208855063364849,0.2845360824742268,6.208855063364849
663,93,5.741581898264119,0.2721649484536082,5.741581898264119
664,93,7.164499114733057,0.2865979381443299,7.164499114733057
664,76,5.859045394561396,0.3216494845360825,5.859045394561396
665,86,7.187556041043076,0.3319587628865979,7.187556041043076
665,11,7.130214896128222,0.2845360824742268,7.130214896128222
666,90,7.422456576855731,0.24948453608247423,7.422456576855731
666,64,6.515774476792075,0.2927835051546392,6.515774476792075
667,52,8.16477189473204,0.2927835051546392,8.16477189473204
667,18,6.4166200524016865,0.2515463917525773,6.4166200524016865
668,53,6.531748833624464,0.2804123711340206,6.531748833624464
668,80,6.114082563362422,0.3237113402061856,6.114082563362422
669,2,6.234104800055178,0.32577319587628867,6.234104800055178
669,98,5.917143805299943,0.2907216494845361,5.917143805299943
670,87,5.398958434495495,0.27010309278350514,5.398958434495495
670,95,6.667606196952995,0.23505154639175257,6.667606196952995
671,87,7.089972127704587,0.35051546391752575,7.089972127704587
671,59,7.420018912144501,0.32783505154639175,7.420018912144501
672,70,7.354107315661961,0.18350515463917524,7.354107315661961
672,43,6.246562597971981,0.32783505154639175,6.246562597971981
673,27,5.837274899708749,0.25773195876288657,5.837274899708749
673,23,6.741654238692414,0.28865979381443296,6.741654238692414
674,91,6.2946881801988095,0.2948453608247423,6.2946881801988095
674,81,7.148004986559856,0.3443298969072165,7.148004986559856
675,44,6.059354409110544,0.2907216494845361,6.059354409110544
675,31,6.474225711914654,0.2865979381443299,6.474225711914654
676,12,6.600200166826063,0.35670103092783506,6.600200166826063
676,46,5.840202894354637,0.3237113402061856,5.840202894354637
677,42,7.369342153210614,0.29896907216494845,7.369342153210614
677,73,6.376112431850539,0.27010309278350514,6.376112431850539
678,76,7.772367286732319,0.23917525773195877,7.772367286732319
678,54,5.024212484998281,0.2536082474226804,5.024212484998281
679,15,7.243173630044936,0.30515463917525776,7.243173630044936
679,2,6.977113953266853,0.27835051546391754,6.977113953266853
680,89,6.520573761969324,0.3628865979381443,6.520573761969324
680,37,6.299698104888992,0.3525773195876289,6.299698104888992
681,84,7.01456004891002,0.29896907216494845,7.01456004891002
681,86,6.717432960035371,0.30103092783505153,6.717432960035371
682,22,7.063990960169244,0.30721649484536084,7.063990960169244
682,80,7.106082708119181,0.29896907216494845,7.106082708119181
683,54,6.2060400387912455,0.2845360824742268,6.2060400387912455
683,28,6.013363331649072,0.3463917525773196,6.013363331649072
684,48,7.124282413191429,0.3030927835051546,7.124282413191429
684,16,6.428907000664305,0.23711340206185566,6.428907000664305
685,24,6.607321235378716,0.27422680412371137,6.607321235378716
685,48,5.717174324349759,0.30515463917525776,5.717174324349759
686,88,5.775046460103666,0.30103092783505153,5.775046460103666
686,83,5.7779968909474215,0.30721649484536084,5.7779968909474215
687,43,4.153769300439564,0.3154639175257732,4.153769300439564
687,65,6.046176397589527,0.3216494845360825,6.046176397589527
688,46,6.383158810838119,0.2865979381443299,6.383158810838119
688,54,6.340962313913251,0.29690721649484536,6.340962313913251
689,1,6.097393769101326,0.2907216494845361,6.097393769101326
689,28,5.687414186628669,0.2865979381443299,5.687414186628669
690,27,6.068421247723917,0.3752577319587629,6.068421247723917
690,54,6.711286068208644,0.3237113402061856,6.711286068208644
691,33,6.746840821988047,0.2597938144329897,6.746840821988047
691,97,7.351134883470515,0.33608247422680415,7.351134883470515
692,46,6.973912922375904,0.33814432989690724,6.973912922375904
692,99,7.663589997402434,0.2865979381443299,7.663589997402434
693,43,6.776462556755729,0.3154639175257732,6.776462556755729
693,65,5.435764909041807,0.30103092783505153,5.435764909041807
694,5,5.602683937241841,0.26597938144329897,5.602683937241841
694,33,4.0400685807036325,0.35051546391752575,4.0400685807036325
695,5,6.666774158548367,0.33814432989690724,6.666774158548367
695,28,7.356966555024625,0.27835051546391754,7.356966555024625
696,27,7.2953323218733175,0.311340206185567,7.2953323218733175
696,31,6.917385560341943,0.2824742268041237,6.917385560341943
697,88,7.768837015769691,0.29896907216494845,7.768837015769691
697,71,6.656969414616929,0.3237113402061856,6.656969414616929
698,44,5.620166543782249,0.34845360824742266,5.620166543782249
698,47,6.037410473014481,0.30927835051546393,6.037410473014481
699,69,5.062655487577926,0.32989690721649484,5.062655487577926
699,59,6.304216962417096,0.35876288659793815,6.304216962417096
700,78,6.080489930671549,0.3030927835051546,6.080489930671549
700,12,6.753728739951897,0.2515463917525773,6.753728739951897
701,23,7.450662697326472,0.3237113402061856,7.450662697326472
701,19,4.965853365478333,0.30927835051546393,4.965853365478333
702,86,5.5849307718924175,0.2927835051546392,5.5849307718924175
702,22,6.393031150726922,0.2804123711340206,6.393031150726922
703,4,7.530552859887531,0.311340206185567,7.530552859887531
703,83,6.418815221273796,0.2865979381443299,6.418815221273796
704,78,5.776010140489492,0.26804123711340205,5.776010140489492
704,91,5.227197069591257,0.24948453608247423,5.227197069591257
705,36,5.6898720618497185,0.3463917525773196,5.6898720618497185
705,54,5.102293577772705,0.37731958762886597,5.102293577772705
706,91,6.741535036412948,0.27835051546391754,6.741535036412948
706,25,3.9928939551961897,0.25773195876288657,3.9928939551961897
707,78,5.7406372083041415,0.22061855670103092,5.7406372083041415
707,22,6.204009251496124,0.3216494845360825,6.204009251496124
708,65,7.451598487379464,0.2515463917525773,7.451598487379464
708,53,5.80250039447671,0.3237113402061856,5.80250039447671
709,38,4.772419700343364,0.2721649484536082,4.772419700343364
709,46,6.301234258068331,0.2618556701030928,6.301234258068331
710,69,6.4907020715233,0.2721649484536082,6.4907020715233
710,47,6.403203549834235,0.32989690721649484,6.403203549834235
711,18,5.5662213790169215,0.3030927835051546,5.5662213790169215
711,16,5.728328842525019,0.28865979381443296,5.728328842525019
712,44,5.414205229821496,0.30927835051546393,5.414205229821496
712,10,6.652774134366126,0.23505154639175257,6.652774134366126
713,38,6.904784157641688,0.3216494845360825,6.904784157641688
713,24,6.6136478455312115,0.3319587628865979,6.6136478455312115
714,36,6.068673789312496,0.2721649484536082,6.068673789312496
714,11,6.880681779806213,0.3835051546391753,6.880681779806213
715,7,7.8670187017415545,0.30721649484536084,7.8670187017415545
715,12,6.689670277523613,0.25773195876288657,6.689670277523613
716,5,6.434388836586803,0.24123711340206186,6.434388836586803
716,51,5.986363115417396,0.37731958762886597,5.986363115417396
717,54,5.625966637164932,0.27422680412371137,5.625966637164932
717,67,6.898272335649682,0.3237113402061856,6.898272335649682
718,59,6.6465438612905094,0.30927835051546393,6.6465438612905094
718,97,7.31560169482557,0.30927835051546393,7.31560169482557
719,10,8.10430668319718,0.2597938144329897,8.10430668319718
719,15,6.937712540036501,0.35051546391752575,6.937712540036501
720,33,3.155797323474999,0.3134020618556701,3.155797323474999
720,73,7.363176740526873,0.26804123711340205,7.363176740526873
721,70,6.347859140147425,0.3030927835051546,6.347859140147425
721,68,7.324331000186896,0.3463917525773196,7.324331000186896
722,54,4.317162118913843,0.2515463917525773,4.317162118913843
722,84,6.6044659438112925,0.2845360824742268,6.6044659438112925
723,25,5.398997799650887,0.30927835051546393,5.398997799650887
723,19,6.435433496329293,0.2824742268041237,6.435433496329293
724,54,5.917192439279193,0.2845360824742268,5.917192439279193
724,37,6.927786940766442,0.3030927835051546,6.927786940766442
725,30,6.386535482509042,0.27010309278350514,6.386535482509042
725,12,8.40713938800411,0.2639175257731959,8.40713938800411
726,71,7.838775543541508,0.27628865979381445,7.838775543541508
726,85,6.941881925495562,0.27835051546391754,6.941881925495562
727,22,7.783386375192403,0.35670103092783506,7.783386375192403
727,57,8.275090647040921,0.33814432989690724,8.275090647040921
728,24,6.982852913322096,0.27835051546391754,6.982852913322096
728,87,6.215159690922918,0.30103092783505153,6.215159690922918
729,77,5.8465029046389425,0.3030927835051546,5.8465029046389425
729,32,4.393327357239146,0.35670103092783506,4.393327357239146
730,86,6.8733108010846315,0.3030927835051546,6.8733108010846315
730,1,6.803325578079443,0.26804123711340205,6.803325578079443
731,69,7.253163926007137,0.2824742268041237,7.253163926007137
731,86,6.634718896050311,0.2907216494845361,6.634718896050311
732,16,6.3068009916306895,0.2597938144329897,6.3068009916306895
732,1,7.230991636381733,0.32577319587628867,7.230991636381733
733,55,4.41097235411252,0.24329896907216494,4.41097235411252
733,59,6.166646105498952,0.31958762886597936,6.166646105498952
734,19,7.08430438107498,0.2845360824742268,7.08430438107498
734,86,7.097006398142696,0.33814432989690724,7.097006398142696
735,98,7.510102279259347,0.2865979381443299,7.510102279259347
735,54,7.131102019068765,0.2948453608247423,7.131102019068765
736,48,6.194341213522396,0.30927835051546393,6.194341213522396
736,47,7.3432312574153125,0.3463917525773196,7.3432312574153125
737,33,6.202008230194037,0.2597938144329897,6.202008230194037
737,93,8.080264781784038,0.2618556701030928,8.080264781784038
738,18,6.673885060261119,0.3154639175257732,6.673885060261119
738,86,6.15563623609039,0.3422680412371134,6.15563623609039
739,30,6.62390098249218,0.2556701030927835,6.62390098249218
739,15,5.500922569931121,0.27628865979381445,5.500922569931121
740,32,5.478798275934388,0.311340206185567,5.478798275934388
740,19,5.955944270283298,0.33814432989690724,5.955944270283298
741,15,5.075239214586807,0.2268041237113402,5.075239214586807
741,33,7.0626146483728105,0.36082474226804123,7.0626146483728105
742,51,6.296404640644627,0.2948453608247423,6.296404640644627
742,80,7.09363997800013,0.3237113402061856,7.09363997800013
743,43,6.523701079565716,0.3216494845360825,6.523701079565716
743,28,7.431394757210478,0.36907216494845363,7.431394757210478
744,25,6.558016657097571,0.2948453608247423,6.558016657097571
744,5,7.609507738214549,0.32989690721649484,7.609507738214549
745,86,7.189646248208873,0.30927835051546393,7.189646248208873
745,30,6.8763554594381775,0.32989690721649484,6.8763554594381775
746,44,6.806625808166952,0.32783505154639175,6.806625808166952
746,18,5.801883364476716,0.3237113402061856,5.801883364476716
747,48,5.716220497073487,0.311340206185567,5.716220497073487
747,25,6.091822595154355,0.21855670103092784,6.091822595154355
748,77,6.4724324727179035,0.3319587628865979,6.4724324727179035
748,36,6.24482818550307,0.2536082474226804,6.24482818550307
749,78,4.689232647657175,0.354639175257732,4.689232647657175
749,59,7.505798993933897,0.30721649484536084,7.505798993933897
750,70,6.659851111439682,0.24742268041237114,6.659851111439682
750,94,5.991174003706985,0.27628865979381445,5.991174003706985
751,15,6.990327118351785,0.2948453608247423,6.990327118351785
751,31,6.092146199269481,0.334020618556701,6.092146199269481
752,94,6.851759173314102,0.23917525773195877,6.851759173314102
752,44,6.440818221372199,0.30721649484536084,6.440818221372199
753,83,7.361545659014655,0.2804123711340206,7.361545659014655
753,44,4.265953985536456,0.2556701030927835,4.265953985536456
754,43,8.109309871975546,0.26804123711340205,8.109309871975546
754,54,5.013213303650087,0.3216494845360825,5.013213303650087
755,55,7.1440108738601875,0.2907216494845361,7.1440108738601875
755,28,6.2778586511067385,0.26804123711340205,6.2778586511067385
756,54,7.659559214425124,0.2907216494845361,7.659559214425124
756,94,8.491243352574921,0.32783505154639175,8.491243352574921
757,33,7.756020921993193,0.3154639175257732,7.756020921993193
757,50,5.027096920494473,0.23917525773195877,5.027096920494473
758,58,7.791745233901706,0.3525773195876289,7.791745233901706
758,73,6.465123695590492,0.3134020618556701,6.465123695590492
759,25,6.35625268903009,0.3711340206185567,6.35625268903009
759,29,7.383789000068888,0.21443298969072164,7.383789000068888
760,31,7.2404185393559715,0.2721649484536082,7.2404185393559715
760,25,7.453265628942914,0.2927835051546392,7.453265628942914
761,87,7.178456900538114,0.3134020618556701,7.178456900538114
761,98,7.56850393788233,0.32989690721649484,7.56850393788233
762,91,4.818320309193214,0.32989690721649484,4.818320309193214
762,38,5.73516942497945,0.27835051546391754,5.73516942497945
763,50,7.39329723147026,0.2536082474226804,7.39329723147026
763,39,5.55585434978539,0.2948453608247423,5.55585434978539
764,32,6.942977221138619,0.2515463917525773,6.942977221138619
764,8,7.2322316303890855,0.334020618556701,7.2322316303890855
765,59,7.658700821078001,0.32989690721649484,7.658700821078001
765,4,7.698219525641056,0.30927835051546393,7.698219525641056
766,89,7.772387298158177,0.2618556701030928,7.772387298158177
766,86,5.611936499929274,0.22268041237113403,5.611936499929274
767,48,6.427386322554584,0.3463917525773196,6.427386322554584
767,56,7.766878130479707,0.2804123711340206,7.766878130479707
768,44,6.526598240546311,0.2618556701030928,6.526598240546311
768,98,6.862552214141678,0.31752577319587627,6.862552214141678
769,86,7.072976232086763,0.2804123711340206,7.072976232086763
769,70,6.613641388988089,0.32577319587628867,6.613641388988089
770,91,5.540013241630779,0.31958762886597936,5.540013241630779
770,38,6.159894730024524,0.30103092783505153,6.159894730024524
771,44,5.1254147134813,0.44123711340206184,5.1254147134813
771,15,5.951186744190982,0.3731958762886598,5.951186744190982
772,2,7.841288990198076,0.2721649484536082,7.841288990198076
772,92,7.250491998305291,0.36082474226804123,7.250491998305291
773,28,5.594981740618522,0.354639175257732,5.594981740618522
773,1,5.507344495641078,0.3402061855670103,5.507344495641078
774,15,5.533154257691355,0.2618556701030928,5.533154257691355
774,47,8.035279657410209,0.29896907216494845,8.035279657410209
775,27,7.400369539747124,0.2597938144329897,7.400369539747124
775,97,7.4006841234684835,0.3030927835051546,7.4006841234684835
776,46,4.732290723564318,0.2804123711340206,4.732290723564318
776,64,5.761311937842115,0.29896907216494845,5.761311937842115
777,67,6.275761118241861,0.29896907216494845,6.275761118241861
777,81,7.197406003881921,0.3670103092783505,7.197406003881921
778,53,6.470869171256817,0.23917525773195877,6.470869171256817
778,74,7.845225535159014,0.26804123711340205,7.845225535159014
779,1,7.6765727530350585,0.32577319587628867,7.6765727530350585
779,73,7.357514867631683,0.32989690721649484,7.357514867631683
780,38,8.133842602605043,0.35670103092783506,8.133842602605043
780,51,5.550980841602078,0.32783505154639175,5.550980841602078
781,67,7.077792947903062,0.30927835051546393,7.077792947903062
781,31,6.478500317706507,0.3237113402061856,6.478500317706507
782,28,5.251472551169508,0.465979381443299,5.251472551169508
782,77,4.852014262098836,0.4061855670103093,4.852014262098836
783,11,6.493786517049819,0.2804123711340206,6.493786517049819
783,6,7.698005925758961,0.27422680412371137,7.698005925758961
784,53,6.810195803156041,0.32783505154639175,6.810195803156041
784,98,6.558384975789068,0.21443298969072164,6.558384975789068
785,46,6.311760981435063,0.3030927835051546,6.311760981435063
785,80,4.86925758061225,0.26804123711340205,4.86925758061225
786,53,5.7528502712559275,0.2639175257731959,5.7528502712559275
786,42,6.193610465705863,0.29896907216494845,6.193610465705863
787,78,6.356692676396793,0.2948453608247423,6.356692676396793
787,11,5.322010653181689,0.2865979381443299,5.322010653181689
788,69,7.426492222902605,0.29896907216494845,7.426492222902605
788,73,5.4088584641888255,0.30103092783505153,5.4088584641888255
789,44,6.229335712310188,0.2804123711340206,6.229335712310188
789,15,6.9518257627886895,0.30721649484536084,6.9518257627886895
790,91,7.41398815200374,0.25773195876288657,7.41398815200374
790,95,6.285464559472717,0.27628865979381445,6.285464559472717
791,51,7.193031049157531,0.2536082474226804,7.193031049157531
791,8,6.94101900753465,0.31958762886597936,6.94101900753465
792,77,6.218455375480314,0.3463917525773196,6.218455375480314
792,50,6.754108459505725,0.30515463917525776,6.754108459505725
793,16,8.12358838981018,0.30927835051546393,8.12358838981018
793,84,7.407152188649071,0.28865979381443296,7.407152188649071
794,84,7.688703052719126,0.2804123711340206,7.688703052719126
794,96,7.61595241989215,0.2865979381443299,7.61595241989215
795,77,7.3708779633772386,0.29896907216494845,7.3708779633772386
795,48,7.716852670054194,0.29896907216494845,7.716852670054194
796,30,7.523888004737808,0.2948453608247423,7.523888004737808
796,82,7.572675402984214,0.2948453608247423,7.572675402984214
797,28,6.462146498694024,0.21855670103092784,6.462146498694024
797,39,6.794121405581685,0.27835051546391754,6.794121405581685
798,19,6.292034185090094,0.33608247422680415,6.292034185090094
798,95,6.437953007207941,0.30103092783505153,6.437953007207941
799,60,5.530992878353822,0.30103092783505153,5.530992878353822
799,99,8.000929640630162,0.2845360824742268,8.000929640630162
800,36,7.5797453213899,0.3216494845360825,7.5797453213899
800,97,7.06687920109097,0.30721649484536084,7.06687920109097
801,70,7.004782741690931,0.26804123711340205,7.004782741690931
801,68,7.6937486520789315,0.37938144329896906,7.6937486520789315
802,19,7.435949000508202,0.30721649484536084,7.435949000508202
802,46,6.36263405786395,0.29896907216494845,6.36263405786395
803,37,7.038324132070468,0.24948453608247423,7.038324132070468
803,29,7.423306725313849,0.2948453608247423,7.423306725313849
804,85,6.457394241299741,0.29896907216494845,6.457394241299741
804,32,6.375562888263943,0.334020618556701,6.375562888263943
805,82,5.855344091562042,0.27628865979381445,5.855344091562042
805,89,8.291613459086507,0.29896907216494845,8.291613459086507
806,86,7.75277183744641,0.32989690721649484,7.75277183744641
806,81,8.264672470695766,0.2865979381443299,8.264672470695766
807,97,5.769134867501715,0.2639175257731959,5.769134867501715
807,35,6.647857014571134,0.30103092783505153,6.647857014571134
808,46,4.9603880978823955,0.26804123711340205,4.9603880978823955
808,51,7.190953978181202,0.34845360824742266,7.190953978181202
809,31,8.181729896081785,0.3134020618556701,8.181729896081785
809,15,8.08350371174232,0.24742268041237114,8.08350371174232
810,23,6.411457199096224,0.2721649484536082,6.411457199096224
810,65,5.6346351729232085,0.32989690721649484,5.6346351729232085
811,23,7.833190339574672,0.2907216494845361,7.833190339574672
811,51,7.019883103410348,0.2824742268041237,7.019883103410348
812,18,7.460890265790545,0.2948453608247423,7.460890265790545
812,44,6.889657044398172,0.27422680412371137,6.889657044398172
813,21,5.98400126250906,0.27422680412371137,5.98400126250906
813,77,5.828731019747104,0.3525773195876289,5.828731019747104
814,11,5.3717384891480195,0.2804123711340206,5.3717384891480195
814,72,8.109803960811647,0.30721649484536084,8.109803960811647
815,60,8.038265241010343,0.3030927835051546,8.038265241010343
815,39,3.763786707048726,0.21855670103092784,3.763786707048726
816,42,8.018424544874222,0.2804123711340206,8.018424544874222
816,35,7.533160454205734,0.2824742268041237,7.533160454205734
817,11,7.326475756238895,0.30927835051546393,7.326475756238895
817,53,7.250418024193655,0.30515463917525776,7.250418024193655
818,8,6.346868484106818,0.2804123711340206,6.346868484106818
818,22,6.93963362210258,0.29896907216494845,6.93963362210258
819,85,7.651225227433542,0.2865979381443299,7.651225227433542
819,55,6.75003535197646,0.32577319587628867,6.75003535197646
820,22,7.270525893146915,0.2721649484536082,7.270525893146915
820,18,5.83134595463165,0.2845360824742268,5.83134595463165
821,24,7.710346891523575,0.3319587628865979,7.710346891523575
821,83,6.371669520439378,0.2927835051546392,6.371669520439378
822,46,5.855246262988934,0.2536082474226804,5.855246262988934
822,61,6.13645467375693,0.24948453608247423,6.13645467375693
823,80,6.366129883757005,0.32989690721649484,6.366129883757005
823,50,7.927716222138152,0.3525773195876289,7.927716222138152
824,61,6.590049402996385,0.2721649484536082,6.590049402996385
824,100,8.339575556693047,0.2907216494845361,8.339575556693047
825,82,7.070232238391599,0.2824742268041237,7.070232238391599
825,44,8.015397284072293,0.27010309278350514,8.015397284072293
826,54,7.985658912655335,0.3134020618556701,7.985658912655335
826,34,8.375986592936757,0.30721649484536084,8.375986592936757
827,67,6.706897269394404,0.2948453608247423,6.706897269394404
827,29,6.123667995614341,0.27422680412371137,6.123667995614341
828,18,6.868315688348659,0.2597938144329897,6.868315688348659
828,80,7.229979368222078,0.2948453608247423,7.229979368222078
829,28,7.414556306359336,0.2639175257731959,7.414556306359336
829,19,5.954629859967963,0.2927835051546392,5.954629859967963
830,65,6.50639074714763,0.2907216494845361,6.50639074714763
830,84,8.111981060179835,0.31752577319587627,8.111981060179835
831,11,8.773608289966372,0.2845360824742268,8.773608289966372
831,40,7.901950537343346,0.27422680412371137,7.901950537343346
832,19,5.856328746314652,0.354639175257732,5.856328746314652
832,9,5.150792988117111,0.33814432989690724,5.150792988117111
833,9,6.461571016247176,0.2824742268041237,6.461571016247176
833,65,6.020235648901785,0.3134020618556701,6.020235648901785
834,98,8.03100022658016,0.30515463917525776,8.03100022658016
834,53,6.503843500961299,0.33608247422680415,6.503843500961299
835,9,6.455033436093576,0.27422680412371137,6.455033436093576
835,7,7.537421536273611,0.3030927835051546,7.537421536273611
836,91,7.219975841939704,0.2865979381443299,7.219975841939704
836,26,7.769684884224189,0.30927835051546393,7.769684884224189
837,61,7.858482481580896,0.3402061855670103,7.858482481580896
837,87,5.365489091088476,0.32989690721649484,5.365489091088476
838,8,6.1610926339348415,0.27422680412371137,6.1610926339348415
838,3,7.06012815445816,0.2865979381443299,7.06012815445816
839,39,6.577923051235826,0.2845360824742268,6.577923051235826
839,55,7.191704452091087,0.30515463917525776,7.191704452091087
840,77,6.808997834710211,0.2721649484536082,6.808997834710211
840,74,7.656085176302654,0.2804123711340206,7.656085176302654
841,46,7.17089163517727,0.2948453608247423,7.17089163517727
841,36,7.727068116683912,0.29896907216494845,7.727068116683912
842,70,6.61934941445173,0.2907216494845361,6.61934941445173
842,69,5.1302625866121945,0.2515463917525773,5.1302625866121945
843,19,7.67592272306361,0.35051546391752575,7.67592272306361
843,82,6.945417760698158,0.2865979381443299,6.945417760698158
844,73,7.021135547221731,0.26597938144329897,7.021135547221731
844,80,6.754350935126618,0.2556701030927835,6.754350935126618
845,69,5.355453470386604,0.2948453608247423,5.355453470386604
845,53,7.6850046668862655,0.29896907216494845,7.6850046668862655
846,65,3.9039819600328247,0.3134020618556701,3.9039819600328247
846,8,7.871498088435571,0.32783505154639175,7.871498088435571
847,56,8.395127895763775,0.2721649484536082,8.395127895763775
847,79,7.273838242500369,0.2927835051546392,7.273838242500369
848,28,7.058688883064891,0.2618556701030928,7.058688883064891
848,62,7.022171054353147,0.26804123711340205,7.022171054353147
849,3,7.28776685327542,0.29690721649484536,7.28776685327542
849,90,6.904145166050498,0.30515463917525776,6.904145166050498
850,29,8.071945330220895,0.2597938144329897,8.071945330220895
850,86,8.548941240644355,0.27422680412371137,8.548941240644355
851,97,7.428316452759616,0.3216494845360825,7.428316452759616
851,95,7.65625053276758,0.354639175257732,7.65625053276758
852,59,6.7357630465596285,0.2865979381443299,6.7357630465596285
852,29,7.6458909483243875,0.3422680412371134,7.6458909483243875
853,78,6.503942025907889,0.30721649484536084,6.503942025907889
853,30,7.471018643999054,0.2309278350515464,7.471018643999054
854,69,2.8642277624727566,0.32989690721649484,2.8642277624727566
854,85,6.616021302924926,0.3154639175257732,6.616021302924926
855,37,7.867343935197795,0.33814432989690724,7.867343935197795
855,27,7.092622746312834,0.31958762886597936,7.092622746312834
856,7,7.764055607451605,0.30103092783505153,7.764055607451605
856,96,6.574620698817673,0.30927835051546393,6.574620698817673
857,39,7.381274326115644,0.30515463917525776,7.381274326115644
857,85,6.871926578803473,0.30927835051546393,6.871926578803473
858,59,6.947887594322448,0.2948453608247423,6.947887594322448
858,18,6.931391859840802,0.2907216494845361,6.931391859840802
859,96,7.840933709111242,0.3134020618556701,7.840933709111242
859,80,6.24756956779417,0.2309278350515464,6.24756956779417
860,27,5.673971061227478,0.27422680412371137,5.673971061227478
860,4,6.039849026220434,0.311340206185567,6.039849026220434
861,59,8.051368144871766,0.30103092783505153,8.051368144871766
861,13,5.787772324383115,0.3216494845360825,5.787772324383115
862,32,6.310841868214759,0.311340206185567,6.310841868214759
862,68,8.334439613028055,0.33814432989690724,8.334439613028055
863,46,7.161192945695938,0.2824742268041237,7.161192945695938
863,55,5.099221410089514,0.22061855670103092,5.099221410089514
864,70,6.641644680349799,0.30103092783505153,6.641644680349799
864,62,6.770831504505185,0.32577319587628867,6.770831504505185
865,67,5.784176274259839,0.30103092783505153,5.784176274259839
865,92,7.727461491796186,0.30103092783505153,7.727461491796186
866,26,6.099557329355049,0.2824742268041237,6.099557329355049
866,96,6.8596348083776615,0.30721649484536084,6.8596348083776615
867,78,7.381860223156674,0.3319587628865979,7.381860223156674
867,51,6.4745443265263205,0.3402061855670103,6.4745443265263205
868,18,6.598063421377649,0.27835051546391754,6.598063421377649
868,30,8.186282428799533,0.2907216494845361,8.186282428799533
869,64,5.768093575219855,0.35051546391752575,5.768093575219855
869,4,7.423853579957336,0.3422680412371134,7.423853579957336
870,9,7.5372533182166395,0.33608247422680415,7.5372533182166395
870,4,7.021462393363809,0.2639175257731959,7.021462393363809
871,55,7.8765414866373575,0.3216494845360825,7.8765414866373575
871,39,7.313863927945018,0.29896907216494845,7.313863927945018
872,67,7.500960428521598,0.25773195876288657,7.500960428521598
872,5,5.713021592442182,0.2618556701030928,5.713021592442182
873,69,7.733787632800807,0.3237113402061856,7.733787632800807
873,83,7.492521919892022,0.30103092783505153,7.492521919892022
874,70,6.826031855517121,0.30721649484536084,6.826031855517121
874,46,5.972443965820428,0.2536082474226804,5.972443965820428
875,18,7.218090864414591,0.2556701030927835,7.218090864414591
875,47,7.364929876819542,0.2618556701030928,7.364929876819542
876,77,7.7046167971646975,0.29896907216494845,7.7046167971646975
876,3,5.921659727739208,0.28865979381443296,5.921659727739208
877,67,8.243826981564675,0.32577319587628867,8.243826981564675
877,95,7.723747089692926,0.2948453608247423,7.723747089692926
878,64,8.608326545801232,0.3216494845360825,8.608326545801232
878,77,6.860003942044795,0.2907216494845361,6.860003942044795
879,39,3.186695870453754,0.2639175257731959,3.186695870453754
879,97,7.137988827308919,0.2556701030927835,7.137988827308919
880,21,6.010467104125396,0.2907216494845361,6.010467104125396
880,75,6.100034607068588,0.29690721649484536,6.100034607068588
881,65,7.348229594009805,0.33814432989690724,7.348229594009805
881,32,8.262251164655261,0.30515463917525776,8.262251164655261
882,80,7.431546518188625,0.2948453608247423,7.431546518188625
882,96,7.818232283969104,0.33814432989690724,7.818232283969104
883,27,4.296764051311485,0.2,4.296764051311485
883,92,5.49770745326896,0.30721649484536084,5.49770745326896
884,53,7.170286611799522,0.32783505154639175,7.170286611799522
884,95,7.538719807617677,0.3134020618556701,7.538719807617677
885,39,7.5128149607430945,0.2845360824742268,7.5128149607430945
885,21,8.015516041059419,0.2865979381443299,8.015516041059419
886,83,4.601923937611393,0.3319587628865979,4.601923937611393
886,33,4.638716419244973,0.2804123711340206,4.638716419244973
887,5,7.195038377333662,0.2824742268041237,7.195038377333662
887,96,8.098713728031665,0.31958762886597936,8.098713728031665
888,87,8.236662594587887,0.2556701030927835,8.236662594587887
888,70,6.966393903051557,0.30515463917525776,6.966393903051557
889,51,7.782653653451956,0.2907216494845361,7.782653653451956
889,63,7.274126244563297,0.3030927835051546,7.274126244563297
890,4,5.681145403325298,0.24948453608247423,5.681145403325298
890,69,6.863404561031516,0.30721649484536084,6.863404561031516
891,95,3.4440137040687433,0.2536082474226804,3.4440137040687433
891,20,6.463010515112502,0.2639175257731959,6.463010515112502
892,28,6.958590923721495,0.27835051546391754,6.958590923721495
892,65,7.621390233285309,0.2927835051546392,7.621390233285309
893,79,7.578281006261714,0.35876288659793815,7.578281006261714
893,40,7.697035980448493,0.2804123711340206,7.697035980448493
894,85,6.991047433032852,0.25773195876288657,6.991047433032852
894,80,7.258076807248226,0.29896907216494845,7.258076807248226
895,1,6.8575769951342265,0.31752577319587627,6.8575769951342265
895,48,7.6468297724376555,0.2804123711340206,7.6468297724376555
896,26,5.680800898082211,0.3319587628865979,5.680800898082211
896,69,5.99768586926349,0.32989690721649484,5.99768586926349
897,26,7.1746274606283125,0.311340206185567,7.1746274606283125
897,4,6.894842510679058,0.334020618556701,6.894842510679058
898,92,7.142363482370343,0.32989690721649484,7.142363482370343
898,79,7.101304393227857,0.27835051546391754,7.101304393227857
899,65,3.402882025114883,0.2536082474226804,3.402882025114883
899,6,6.2724485157618,0.28865979381443296,6.2724485157618
900,1,6.202873979588908,0.24329896907216494,6.202873979588908
900,51,5.647249692813911,0.27835051546391754,5.647249692813911
901,28,6.8161976298071645,0.33814432989690724,6.8161976298071645
901,73,7.6460240360133405,0.27422680412371137,7.6460240360133405
902,25,8.129302949173992,0.30515463917525776,8.129302949173992
902,35,5.538986691088036,0.23711340206185566,5.538986691088036
903,65,8.429232375910074,0.29896907216494845,8.429232375910074
903,51,7.820194021359075,0.2948453608247423,7.820194021359075
904,27,6.861725458334723,0.33814432989690724,6.861725458334723
904,83,6.864619123029725,0.2536082474226804,6.864619123029725
905,28,6.635087650313089,0.27010309278350514,6.635087650313089
905,77,8.250070102091087,0.29896907216494845,8.250070102091087
906,35,7.784771442486798,0.2824742268041237,7.784771442486798
906,91,8.392278595223186,0.30721649484536084,8.392278595223186
907,76,8.034835642885994,0.31752577319587627,8.034835642885994
907,44,7.792490758481726,0.3134020618556701,7.792490758481726
908,97,7.413817976190942,0.2927835051546392,7.413817976190942
908,8,7.78551080172626,0.3443298969072165,7.78551080172626
909,47,8.287836812223926,0.3402061855670103,8.287836812223926
909,35,7.883836583164375,0.3134020618556701,7.883836583164375
910,70,8.032076002733803,0.33814432989690724,8.032076002733803
910,53,7.211151310532378,0.2824742268041237,7.211151310532378
911,20,8.246186743524088,0.3319587628865979,8.246186743524088
911,36,6.703942855183602,0.3216494845360825,6.703942855183602
912,1,8.303849666622169,0.3443298969072165,8.303849666622169
912,9,8.442712099817545,0.32989690721649484,8.442712099817545
913,46,6.1694932908732945,0.3134020618556701,6.1694932908732945
913,44,6.121303089256229,0.29896907216494845,6.121303089256229
914,13,5.586073534592571,0.2618556701030928,5.586073534592571
914,26,7.767043454329383,0.3835051546391753,7.767043454329383
915,37,7.374083169852872,0.3422680412371134,7.374083169852872
915,25,7.486428615461987,0.26804123711340205,7.486428615461987
916,90,7.708567311425664,0.2927835051546392,7.708567311425664
916,73,6.828881249197679,0.334020618556701,6.828881249197679
917,22,6.962867706298314,0.3134020618556701,6.962867706298314
917,59,6.75039077977871,0.2865979381443299,6.75039077977871
918,46,7.376722782154617,0.3649484536082474,7.376722782154617
918,62,8.011602198669163,0.311340206185567,8.011602198669163
919,3,7.516061419709264,0.26597938144329897,7.516061419709264
919,25,7.349798051621639,0.25773195876288657,7.349798051621639
920,80,7.591878504953215,0.27628865979381445,7.591878504953215
920,74,6.904148789426988,0.27835051546391754,6.904148789426988
921,6,7.090452562677027,0.334020618556701,7.090452562677027
921,39,7.328170839898681,0.311340206185567,7.328170839898681
922,33,7.719632493106891,0.2597938144329897,7.719632493106891
922,6,7.707883623006483,0.30515463917525776,7.707883623006483
923,22,7.969414182534877,0.30721649484536084,7.969414182534877
923,25,7.460491408904806,0.3443298969072165,7.460491408904806
924,59,7.118464933689999,0.334020618556701,7.118464933689999
924,92,5.315671844422559,0.2804123711340206,5.315671844422559
925,73,7.179543709954074,0.2639175257731959,7.179543709954074
925,82,7.128945587339014,0.2927835051546392,7.128945587339014
926,46,7.168105770193753,0.3319587628865979,7.168105770193753
926,51,7.367467595866613,0.31958762886597936,7.367467595866613
927,44,7.836950682493971,0.3443298969072165,7.836950682493971
927,39,8.306998379015505,0.3134020618556701,8.306998379015505
928,75,7.222251006338127,0.3216494845360825,7.222251006338127
928,41,6.165576705026276,0.3134020618556701,6.165576705026276
929,43,7.4552262766913,0.30515463917525776,7.4552262766913
929,84,5.500173319958254,0.3463917525773196,5.500173319958254
930,51,4.742819011173769,0.32989690721649484,4.742819011173769
930,3,6.302429759121084,0.29896907216494845,6.302429759121084
931,44,7.573498615163624,0.29690721649484536,7.573498615163624
931,42,5.723474627965118,0.311340206185567,5.723474627965118
932,27,7.034311674965439,0.3319587628865979,7.034311674965439
932,40,5.62563867409807,0.29690721649484536,5.62563867409807
933,28,6.8554615615183785,0.27628865979381445,6.8554615615183785
933,88,8.000514025979632,0.3670103092783505,8.000514025979632
934,28,5.397034533752378,0.2721649484536082,5.397034533752378
934,59,7.5406545876541795,0.30515463917525776,7.5406545876541795
935,3,5.164460379804711,0.33608247422680415,5.164460379804711
935,18,7.419170495864061,0.27010309278350514,7.419170495864061
936,85,7.570528182752798,0.30515463917525776,7.570528182752798
936,60,5.538041259076961,0.3443298969072165,5.538041259076961
937,60,7.895712442505995,0.3402061855670103,7.895712442505995
937,15,8.574060135481083,0.29896907216494845,8.574060135481083
938,46,7.52345972389264,0.2536082474226804,7.52345972389264
938,18,7.320875486317202,0.2865979381443299,7.320875486317202
939,13,6.867733790136831,0.2556701030927835,6.867733790136831
939,4,3.732200443062434,0.31752577319587627,3.732200443062434
940,40,7.746413214701402,0.31752577319587627,7.746413214701402
940,59,6.98266801028812,0.25773195876288657,6.98266801028812
941,36,7.768807597401057,0.2556701030927835,7.768807597401057
941,13,7.514672348268332,0.33814432989690724,7.514672348268332
942,51,6.433224490874577,0.24123711340206186,6.433224490874577
942,69,6.450611051380205,0.3030927835051546,6.450611051380205
943,25,6.236810583326978,0.27010309278350514,6.236810583326978
943,71,8.217604893457834,0.30927835051546393,8.217604893457834
944,78,8.137647052870205,0.2865979381443299,8.137647052870205
944,97,5.1629072849477335,0.2536082474226804,5.1629072849477335
945,5,6.913819737169945,0.2948453608247423,6.913819737169945
945,85,5.940293163878852,0.30721649484536084,5.940293163878852
946,3,7.38907553780338,0.31958762886597936,7.38907553780338
946,46,8.019973115393904,0.311340206185567,8.019973115393904
947,19,7.0101207934907475,0.26597938144329897,7.0101207934907475
947,24,6.960218483124077,0.28865979381443296,6.960218483124077
948,42,7.0305654983802635,0.3216494845360825,7.0305654983802635
948,13,7.0914922601407495,0.30103092783505153,7.0914922601407495
949,58,6.266832464783409,0.3525773195876289,6.266832464783409
949,60,7.368310862987452,0.31958762886597936,7.368310862987452
950,66,8.203436353226143,0.36082474226804123,8.203436353226143
950,22,8.309319949138501,0.2804123711340206,8.309319949138501
951,51,8.426413395467705,0.2907216494845361,8.426413395467705
951,6,7.680435823040806,0.3319587628865979,7.680435823040806
952,79,7.783451016224491,0.3319587628865979,7.783451016224491
952,53,5.724753372442289,0.3030927835051546,5.724753372442289
953,5,8.234585475904918,0.2721649484536082,8.234585475904918
953,44,8.704533867336401,0.27422680412371137,8.704533867336401
954,25,7.027914417465383,0.29690721649484536,7.027914417465383
954,83,8.207319240547292,0.3319587628865979,8.207319240547292
955,25,5.765205889730749,0.3030927835051546,5.765205889730749
955,8,7.484123705504764,0.32783505154639175,7.484123705504764
956,24,5.877394909173141,0.27422680412371137,5.877394909173141
956,19,7.429959391843468,0.2597938144329897,7.429959391843468
957,84,7.448725627381835,0.27422680412371137,7.448725627381835
957,42,6.177260721622969,0.2721649484536082,6.177260721622969
958,69,7.836876235970036,0.3402061855670103,7.836876235970036
958,6,7.660262468326233,0.3134020618556701,7.660262468326233
959,41,8.254718580560828,0.30515463917525776,8.254718580560828
959,13,7.193306600052863,0.24742268041237114,7.193306600052863
960,74,5.881064586006281,0.24329896907216494,5.881064586006281
960,70,3.494637712658041,0.21443298969072164,3.494637712658041
961,58,5.355386390004619,0.2927835051546392,5.355386390004619
961,26,7.874136131156994,0.3237113402061856,7.874136131156994
962,28,7.811728647990462,0.334020618556701,7.811728647990462
962,98,8.267120663468866,0.30721649484536084,8.267120663468866
963,4,7.931667291738936,0.2845360824742268,7.931667291738936
963,58,6.547033627470054,0.30103092783505153,6.547033627470054
964,3,7.217755461777517,0.2824742268041237,7.217755461777517
964,48,7.381214620365915,0.3628865979381443,7.381214620365915
965,62,8.25005900924073,0.31958762886597936,8.25005900924073
965,21,6.892196978336929,0.24536082474226803,6.892196978336929
966,37,6.02501182444736,0.24329896907216494,6.02501182444736
966,90,7.49545423819863,0.31958762886597936,7.49545423819863
967,19,6.899257583279797,0.311340206185567,6.899257583279797
967,43,6.092775371496583,0.334020618556701,6.092775371496583
968,95,7.836262899143001,0.3670103092783505,7.836262899143001
968,25,8.29620662381464,0.27010309278350514,8.29620662381464
969,53,7.446820640660523,0.27628865979381445,7.446820640660523
969,82,7.38887713161829,0.31752577319587627,7.38887713161829
970,92,7.201392149242003,0.2907216494845361,7.201392149242003
970,27,5.72857880234828,0.32783505154639175,5.72857880234828
971,97,6.5109976894948325,0.32783505154639175,6.5109976894948325
971,63,7.963606922648882,0.31752577319587627,7.963606922648882
972,24,8.248717490219985,0.31752577319587627,8.248717490219985
972,34,8.439367576982768,0.30927835051546393,8.439367576982768
973,73,7.8687335736317605,0.29896907216494845,7.8687335736317605
973,31,8.097594054172756,0.2824742268041237,8.097594054172756
974,19,7.8094256779187186,0.2845360824742268,7.8094256779187186
974,52,7.292652361666458,0.28865979381443296,7.292652361666458
975,18,6.247000441141605,0.22268041237113403,6.247000441141605
975,48,8.63205015902721,0.28865979381443296,8.63205015902721
976,18,7.785765434659015,0.31958762886597936,7.785765434659015
976,7,8.275132703986309,0.2907216494845361,8.275132703986309
977,28,7.770123548969733,0.29896907216494845,7.770123548969733
977,72,7.71448909328734,0.30927835051546393,7.71448909328734
978,37,7.506640366121792,0.28865979381443296,7.506640366121792
978,24,8.372402435916207,0.30721649484536084,8.372402435916207
979,92,7.3610040357761255,0.30927835051546393,7.3610040357761255
979,52,7.9456283628399795,0.31958762886597936,7.9456283628399795
980,18,6.196421672925121,0.26597938144329897,6.196421672925121
980,95,7.197999745695165,0.3463917525773196,7.197999745695165
981,43,7.603013392511524,0.2948453608247423,7.603013392511524
981,19,6.9433907543341,0.27628865979381445,6.9433907543341
982,74,6.967826069981332,0.3134020618556701,6.967826069981332
982,36,7.049975613040596,0.3154639175257732,7.049975613040596
983,95,7.722919474232117,0.2639175257731959,7.722919474232117
983,90,7.216571950803376,0.30721649484536084,7.216571950803376
984,59,7.530283605501886,0.3216494845360825,7.530283605501886
984,60,6.468410109628151,0.24536082474226803,6.468410109628151
985,92,7.403146600486892,0.2865979381443299,7.403146600486892
985,17,8.197730128522128,0.3030927835051546,8.197730128522128
986,72,7.199166167545689,0.29896907216494845,7.199166167545689
986,31,7.279670929610579,0.32577319587628867,7.279670929610579
987,92,7.24333605198576,0.30103092783505153,7.24333605198576
987,84,8.014637423584146,0.2824742268041237,8.014637423584146
988,53,5.908043218732357,0.2268041237113402,5.908043218732357
988,6,7.464389313239809,0.3319587628865979,7.464389313239809
989,53,7.365393008294027,0.2824742268041237,7.365393008294027
989,85,7.150540652378499,0.29690721649484536,7.150540652378499
990,21,6.382328927032315,0.2556701030927835,6.382328927032315
990,37,7.96450973678732,0.3237113402061856,7.96450973678732
991,80,8.45084046353224,0.2721649484536082,8.45084046353224
991,95,8.351132677755661,0.33608247422680415,8.351132677755661
992,40,8.377430396253574,0.32577319587628867,8.377430396253574
992,84,7.632242446479616,0.35051546391752575,7.632242446479616
993,27,7.963914665532514,0.3030927835051546,7.963914665532514
993,6,7.391257508550594,0.27422680412371137,7.391257508550594
994,19,7.370741758421201,0.27010309278350514,7.370741758421201
994,84,7.329810717949923,0.30927835051546393,7.329810717949923
995,90,7.641984084735769,0.2927835051546392,7.641984084735769
995,45,7.444732684759497,0.35051546391752575,7.444732684759497
996,13,7.369740558880204,0.3319587628865979,7.369740558880204
996,75,8.157735822217367,0.3525773195876289,8.157735822217367
997,63,8.063969039320893,0.2536082474226804,8.063969039320893
997,83,6.755400686999987,0.26804123711340205,6.755400686999987
998,21,8.304626176784199,0.30927835051546393,8.304626176784199
998,3,7.890964719730095,0.334020618556701,7.890964719730095
999,28,7.872665364975197,0.2845360824742268,7.872665364975197
999,38,7.364806317722866,0.31958762886597936,7.364806317722866
1000,70,7.966930704447715,0.2618556701030928,7.966930704447715
1000,32,8.254397333903201,0.2948453608247423,8.254397333903201
1001,26,8.267979635707812,0.34845360824742266,8.267979635707812
1001,35,7.3760417566785,0.3154639175257732,7.3760417566785
1002,36,5.996848842972261,0.2865979381443299,5.996848842972261
1002,55,6.76211696921283,0.3216494845360825,6.76211696921283
1003,45,7.334676826119893,0.31958762886597936,7.334676826119893
1003,27,7.004355696696537,0.24123711340206186,7.004355696696537
1004,85,7.172681298633531,0.3134020618556701,7.172681298633531
1004,50,8.068675716482279,0.3237113402061856,8.068675716482279
1005,69,6.945847252669181,0.32989690721649484,6.945847252669181
1005,49,8.035786593803843,0.3463917525773196,8.035786593803843
1006,60,8.300315155749088,0.3134020618556701,8.300315155749088
1006,45,7.990579540041825,0.27835051546391754,7.990579540041825
1007,36,7.45772997607102,0.2865979381443299,7.45772997607102
1007,13,7.7591484280538445,0.31752577319587627,7.7591484280538445
1008,43,8.385823851617982,0.31752577319587627,8.385823851617982
1008,52,7.539577425275293,0.3319587628865979,7.539577425275293
1009,18,8.094533064507191,0.29690721649484536,8.094533064507191
1009,69,7.602493050286201,0.3237113402061856,7.602493050286201
1010,2,7.515264813336812,0.3402061855670103,7.515264813336812
1010,99,8.066786889622199,0.30927835051546393,8.066786889622199
1011,55,7.766981796221308,0.3463917525773196,7.766981796221308
1011,53,6.692936941315716,0.3216494845360825,6.692936941315716
1012,27,7.079838425054084,0.30721649484536084,7.079838425054084
1012,82,7.973743312130772,0.2865979381443299,7.973743312130772
1013,49,7.798690010519783,0.27835051546391754,7.798690010519783
1013,50,7.2098009148106055,0.2536082474226804,7.2098009148106055
1014,3,7.85038672836476,0.3154639175257732,7.85038672836476
1014,30,7.300598715193718,0.30927835051546393,7.300598715193718
1015,55,6.953364794508906,0.32577319587628867,6.953364794508906
1015,82,7.177220110302681,0.3134020618556701,7.177220110302681
1016,69,8.27256287780917,0.2804123711340206,8.27256287780917
1016,23,6.631813786533107,0.2907216494845361,6.631813786533107
1017,42,7.640789894149033,0.3443298969072165,7.640789894149033
1017,61,6.888163707701207,0.334020618556701,6.888163707701207
1018,61,7.701085595595586,0.35670103092783506,7.701085595595586
1018,92,7.921317443739526,0.33814432989690724,7.921317443739526
1019,55,7.044752392746541,0.2329896907216495,7.044752392746541
1019,26,7.12435611229445,0.27835051546391754,7.12435611229445
1020,26,7.182847894187169,0.33608247422680415,7.182847894187169
1020,85,6.407471894063166,0.24948453608247423,6.407471894063166
1021,26,4.513874300617235,0.28865979381443296,4.513874300617235
1021,88,7.212693444411061,0.2536082474226804,7.212693444411061
1022,26,8.451057040620142,0.2618556701030928,8.451057040620142
1022,50,7.926516569364342,0.2804123711340206,7.926516569364342
1023,19,7.671916733061473,0.3319587628865979,7.671916733061473
1023,8,5.854752253350487,0.28865979381443296,5.854752253350487
1024,38,5.327511633648112,0.27835051546391754,5.327511633648112
1024,35,7.315340369741401,0.28865979381443296,7.315340369741401
1025,97,8.03966565544534,0.2721649484536082,8.03966565544534
1025,19,7.3405307497603545,0.2927835051546392,7.3405307497603545
1026,23,6.608979513292484,0.2721649484536082,6.608979513292484
1026,42,7.966411504116602,0.30103092783505153,7.966411504116602
1027,53,6.6415977830307265,0.2721649484536082,6.6415977830307265
1027,99,7.21769973788799,0.27422680412371137,7.21769973788799
1028,18,8.255449919104242,0.27628865979381445,8.255449919104242
1028,5,6.078155477522181,0.29896907216494845,6.078155477522181
1029,58,7.747264359179549,0.3030927835051546,7.747264359179549
1029,55,7.018883776219011,0.2804123711340206,7.018883776219011
1030,83,6.786446550632527,0.334020618556701,6.786446550632527
1030,35,8.13661805706221,0.3216494845360825,8.13661805706221
1031,59,8.144318645755844,0.3134020618556701,8.144318645755844
1031,75,7.960456598795401,0.27422680412371137,7.960456598795401
1032,83,6.611176214224507,0.3237113402061856,6.611176214224507
1032,75,7.666956130456938,0.2721649484536082,7.666956130456938
1033,84,6.880661287182348,0.30515463917525776,6.880661287182348
1033,16,8.372865850786093,0.3628865979381443,8.372865850786093
1034,74,8.4801366310036,0.32989690721649484,8.4801366310036
1034,33,6.018160034555291,0.27010309278350514,6.018160034555291
1035,6,7.610815740669724,0.3237113402061856,7.610815740669724
1035,3,7.885471400868035,0.35670103092783506,7.885471400868035
1036,72,7.417070571400791,0.31752577319587627,7.417070571400791
1036,63,7.419723764368156,0.35051546391752575,7.419723764368156
1037,8,7.64523983646918,0.31958762886597936,7.64523983646918
1037,66,7.255998479434315,0.27628865979381445,7.255998479434315
1038,83,7.601807505629695,0.25773195876288657,7.601807505629695
1038,28,7.6221064924278625,0.35051546391752575,7.6221064924278625
1039,99,7.91896201808445,0.30927835051546393,7.91896201808445
1039,29,7.934041374082984,0.3134020618556701,7.934041374082984
1040,54,6.912670463595747,0.2865979381443299,6.912670463595747
1040,46,7.4466216501747855,0.3134020618556701,7.4466216501747855
1041,38,6.444174833330291,0.24123711340206186,6.444174833330291
1041,28,7.222002403690374,0.3216494845360825,7.222002403690374
1042,76,6.114442302213967,0.23917525773195877,6.114442302213967
1042,97,7.369823099772013,0.31958762886597936,7.369823099772013
1043,61,7.3995200890121255,0.3154639175257732,7.3995200890121255
1043,92,8.101891953241392,0.30515463917525776,8.101891953241392
1044,58,7.142209784650971,0.22474226804123712,7.142209784650971
1044,29,6.822285480173978,0.3237113402061856,6.822285480173978
1045,61,6.277830899829106,0.29896907216494845,6.277830899829106
1045,32,6.870789042026832,0.2721649484536082,6.870789042026832
1046,53,6.690812172123876,0.3154639175257732,6.690812172123876
1046,36,7.609784811952845,0.3319587628865979,7.609784811952845
1047,97,7.837891183834618,0.2597938144329897,7.837891183834618
1047,8,7.429394417725569,0.27010309278350514,7.429394417725569
1048,27,8.401033418652554,0.3134020618556701,8.401033418652554
1048,16,7.777906983772832,0.30927835051546393,7.777906983772832
1049,58,7.906752844972391,0.33608247422680415,7.906752844972391
1049,2,8.033983373053603,0.2907216494845361,8.033983373053603
1050,85,7.852249549942849,0.2845360824742268,7.852249549942849
1050,37,8.451521219354849,0.2948453608247423,8.451521219354849
1051,38,8.287153728666409,0.33814432989690724,8.287153728666409
1051,29,8.368518026755975,0.31958762886597936,8.368518026755975
1052,23,7.441541342541023,0.3216494845360825,7.441541342541023
1052,30,7.739854855515156,0.35051546391752575,7.739854855515156
1053,31,6.172518246791719,0.24742268041237114,6.172518246791719
1053,79,8.584552691334363,0.27010309278350514,8.584552691334363
1054,55,7.084678142625551,0.33608247422680415,7.084678142625551
1054,36,8.258497977515633,0.2927835051546392,8.258497977515633
1055,58,7.352941055820698,0.3134020618556701,7.352941055820698
1055,42,6.545547349008232,0.28865979381443296,6.545547349008232
1056,84,5.924999176887947,0.27628865979381445,5.924999176887947
1056,3,7.795206784017457,0.2536082474226804,7.795206784017457
1057,8,6.980621365600204,0.2865979381443299,6.980621365600204
1057,6,5.258212217199316,0.2804123711340206,5.258212217199316
1058,61,8.467057297047251,0.30721649484536084,8.467057297047251
1058,32,6.604919244435885,0.3154639175257732,6.604919244435885
1059,52,7.69961000225715,0.31752577319587627,7.69961000225715
1059,2,7.741854968854234,0.28865979381443296,7.741854968854234
1060,76,8.130326502390247,0.31958762886597936,8.130326502390247
1060,78,7.91595646266705,0.2804123711340206,7.91595646266705
1061,32,8.229468641179754,0.311340206185567,8.229468641179754
1061,83,7.615459318527828,0.35670103092783506,7.615459318527828
1062,31,8.81060243297722,0.27010309278350514,8.81060243297722
1062,96,8.054735382087896,0.2865979381443299,8.054735382087896
1063,83,8.324041999420757,0.30515463917525776,8.324041999420757
1063,2,8.723896358442719,0.29896907216494845,8.723896358442719
1064,6,6.78984920656004,0.30515463917525776,6.78984920656004
1064,32,6.251192181343494,0.2618556701030928,6.251192181343494
1065,8,6.359155933212031,0.31958762886597936,6.359155933212031
1065,52,8.222185131460305,0.32783505154639175,8.222185131460305
1066,71,8.096194031998378,0.3216494845360825,8.096194031998378
1066,62,6.9636411580679765,0.3154639175257732,6.9636411580679765
1067,84,7.273886107710762,0.30721649484536084,7.273886107710762
1067,13,7.374925230967104,0.2865979381443299,7.374925230967104
1068,62,7.065943360555909,0.30721649484536084,7.065943360555909
1068,28,8.258751602439807,0.30103092783505153,8.258751602439807
1069,90,8.222363848918397,0.30927835051546393,8.222363848918397
1069,20,8.66297518919779,0.21030927835051547,8.66297518919779
1070,42,6.598469925969822,0.29690721649484536,6.598469925969822
1070,62,7.6200305164134905,0.33608247422680415,7.6200305164134905
1071,49,7.916524760921048,0.3422680412371134,7.916524760921048
1071,35,8.181707735322421,0.31958762886597936,8.181707735322421
1072,82,8.794934998251847,0.2845360824742268,8.794934998251847
1072,36,7.610208377841022,0.2865979381443299,7.610208377841022
1073,66,5.873784325052426,0.3237113402061856,5.873784325052426
1073,45,7.475005275398517,0.2824742268041237,7.475005275398517
1074,4,7.254771465311084,0.30515463917525776,7.254771465311084
1074,10,5.854279489815732,0.2515463917525773,5.854279489815732
1075,42,8.801342704108,0.2927835051546392,8.801342704108
1075,54,5.9266647294035835,0.26597938144329897,5.9266647294035835
1076,6,7.507049568168358,0.3030927835051546,7.507049568168358
1076,69,8.207081296069136,0.3154639175257732,8.207081296069136
1077,30,7.49312708477499,0.3030927835051546,7.49312708477499
1077,39,6.644783116415147,0.2865979381443299,6.644783116415147
1078,54,7.475898275799721,0.2845360824742268,7.475898275799721
1078,88,8.443449625462723,0.27835051546391754,8.443449625462723
1079,33,7.882335371547728,0.3134020618556701,7.882335371547728
1079,30,7.451062551341872,0.30721649484536084,7.451062551341872
1080,13,7.439167536826447,0.30515463917525776,7.439167536826447
1080,97,7.323220283558346,0.3402061855670103,7.323220283558346
1081,39,7.66970357364988,0.29690721649484536,7.66970357364988
1081,46,7.676555604253388,0.26597938144329897,7.676555604253388
1082,46,7.665912004374229,0.27422680412371137,7.665912004374229
1082,33,7.8294825576919935,0.3237113402061856,7.8294825576919935
1083,75,6.935459200075742,0.2556701030927835,6.935459200075742
1083,33,7.215871464477512,0.311340206185567,7.215871464477512
1084,66,7.163649219109534,0.334020618556701,7.163649219109534
1084,89,6.686861090390288,0.21649484536082475,6.686861090390288
1085,75,7.221636082448198,0.32577319587628867,7.221636082448198
1085,54,7.234883017862817,0.3030927835051546,7.234883017862817
1086,71,8.571132381049551,0.3402061855670103,8.571132381049551
1086,87,8.304819491413923,0.26597938144329897,8.304819491413923
1087,30,8.727792984734974,0.24536082474226803,8.727792984734974
1087,41,7.919092204550133,0.2721649484536082,7.919092204550133
1088,55,7.536424748271269,0.2721649484536082,7.536424748271269
1088,35,7.647396101901217,0.34845360824742266,7.647396101901217
1089,5,7.65210681517207,0.27628865979381445,7.65210681517207
1089,89,8.866512332985032,0.2329896907216495,8.866512332985032
1090,39,8.134632384119474,0.30721649484536084,8.134632384119474
1090,96,7.91569908176665,0.29896907216494845,7.91569908176665
1091,8,7.550293461698966,0.2927835051546392,7.550293461698966
1091,66,8.112702651278935,0.2948453608247423,8.112702651278935
1092,55,8.041452920879514,0.3443298969072165,8.041452920879514
1092,77,4.968544148733803,0.28865979381443296,4.968544148733803
1093,76,7.812966497359911,0.32577319587628867,7.812966497359911
1093,17,8.702483246635447,0.31752577319587627,8.702483246635447
1094,13,7.858911489628236,0.29896907216494845,7.858911489628236
1094,62,7.637241034168337,0.30721649484536084,7.637241034168337
1095,54,7.747892394401289,0.2927835051546392,7.747892394401289
1095,72,8.508365452835053,0.3154639175257732,8.508365452835053
1096,23,7.262025906786139,0.38762886597938145,7.262025906786139
1096,16,7.291767542206898,0.2824742268041237,7.291767542206898
1097,3,7.81827647247197,0.20412371134020618,7.81827647247197
1097,39,8.781281199714437,0.2329896907216495,8.781281199714437
1098,84,8.357873374186314,0.2865979381443299,8.357873374186314
1098,45,7.9923570804805895,0.2927835051546392,7.9923570804805895
1099,73,6.322972145071824,0.33608247422680415,6.322972145071824
1099,49,6.269336492912896,0.25773195876288657,6.269336492912896
1100,58,6.554443506152961,0.2556701030927835,6.554443506152961
1100,6,7.395565952417465,0.1731958762886598,7.395565952417465
1101,53,8.195562215704678,0.2865979381443299,8.195562215704678
1101,55,7.41956103509422,0.2907216494845361,7.41956103509422
1102,73,8.150857127419824,0.32577319587628867,8.150857127419824
1102,63,8.161078879187002,0.30515463917525776,8.161078879187002
1103,77,7.819319657116587,0.32989690721649484,7.819319657116587
1103,41,8.140989942463268,0.2824742268041237,8.140989942463268
1104,73,6.940859744764898,0.3154639175257732,6.940859744764898
1104,52,7.021055464609823,0.31752577319587627,7.021055464609823
1105,73,7.610946718321756,0.38144329896907214,7.610946718321756
1105,7,8.0766683069172,0.30515463917525776,8.0766683069172
1106,4,8.165992710455674,0.32783505154639175,8.165992710455674
1106,76,8.178461600334328,0.29896907216494845,8.178461600334328
1107,49,7.817374355606251,0.28865979381443296,7.817374355606251
1107,53,7.68949605200355,0.3443298969072165,7.68949605200355
1108,92,7.432896794728568,0.311340206185567,7.432896794728568
1108,95,7.430717131687628,0.31752577319587627,7.430717131687628
1109,58,8.001505181989483,0.3030927835051546,8.001505181989483
1109,66,8.73669681479384,0.30721649484536084,8.73669681479384
1110,75,6.911509976635724,0.28865979381443296,6.911509976635724
1110,16,7.964190769047542,0.3154639175257732,7.964190769047542
1111,5,8.038778453544156,0.35051546391752575,8.038778453544156
1111,45,7.904946414183037,0.32577319587628867,7.904946414183037
1112,33,5.5312521642723995,0.30515463917525776,5.5312521642723995
1112,73,7.061879483835696,0.2721649484536082,7.061879483835696
1113,97,7.593797145317621,0.2639175257731959,7.593797145317621
1113,8,7.996934820984104,0.2948453608247423,7.996934820984104
1114,14,8.149682731373932,0.3030927835051546,8.149682731373932
1114,81,8.41077719607804,0.2288659793814433,8.41077719607804
1115,58,7.306055537194503,0.2845360824742268,7.306055537194503
1115,25,7.635928152188747,0.30103092783505153,7.635928152188747
1116,32,7.792844462361587,0.334020618556701,7.792844462361587
1116,99,7.488490298403791,0.33814432989690724,7.488490298403791
1117,97,6.8317430660144165,0.3422680412371134,6.8317430660144165
1117,41,6.896498519083811,0.2948453608247423,6.896498519083811
1118,52,7.428259183268736,0.311340206185567,7.428259183268736
1118,14,6.692771853615076,0.2804123711340206,6.692771853615076
1119,97,6.511510515174237,0.24742268041237114,6.511510515174237
1119,52,8.166523876286401,0.2556701030927835,8.166523876286401
1120,92,8.015679707788884,0.26804123711340205,8.015679707788884
1120,90,8.005783108063724,0.31958762886597936,8.005783108063724
1121,97,8.72444545573718,0.26804123711340205,8.72444545573718
1121,54,8.652687847724154,0.27010309278350514,8.652687847724154
1122,96,8.151491731751396,0.2927835051546392,8.151491731751396
1122,4,6.60859514441266,0.20824742268041238,6.60859514441266
1123,3,7.915012767619441,0.26804123711340205,7.915012767619441
1123,8,8.043605640036294,0.3443298969072165,8.043605640036294
1124,92,6.952935310373583,0.33814432989690724,6.952935310373583
1124,60,7.975776024481267,0.2804123711340206,7.975776024481267
1125,47,8.73842576998998,0.3154639175257732,8.73842576998998
1125,87,8.128532818189205,0.30927835051546393,8.128532818189205
1126,4,7.42619104641768,0.30515463917525776,7.42619104641768
1126,96,7.788544181678066,0.30515463917525776,7.788544181678066
1127,33,8.681136694319335,0.24329896907216494,8.681136694319335
1127,23,8.047362320020316,0.2927835051546392,8.047362320020316
1128,32,7.380977658229211,0.24742268041237114,7.380977658229211
1128,3,8.860709146403291,0.177319587628866,8.860709146403291
1129,85,6.169315698518848,0.30721649484536084,6.169315698518848
1129,40,7.580039845934871,0.29690721649484536,7.580039845934871
1130,16,8.148062077712787,0.32989690721649484,8.148062077712787
1130,76,7.417306152285543,0.24536082474226803,7.417306152285543
1131,99,8.381077258966306,0.28865979381443296,8.381077258966306
1131,18,8.083380674928591,0.29690721649484536,8.083380674928591
1132,19,7.4815327349344685,0.2927835051546392,7.4815327349344685
1132,98,7.363177949084501,0.334020618556701,7.363177949084501
1133,96,6.950795178698495,0.2927835051546392,6.950795178698495
1133,5,7.026386779962092,0.32989690721649484,7.026386779962092
1134,87,7.813043355278926,0.2865979381443299,7.813043355278926
1134,28,7.948644333233189,0.29896907216494845,7.948644333233189
1135,98,7.8463786069466,0.30103092783505153,7.8463786069466
1135,19,7.659750877149377,0.36082474226804123,7.659750877149377
1136,73,6.357505442957342,0.3422680412371134,6.357505442957342
1136,46,7.6033386206577305,0.35876288659793815,7.6033386206577305
1137,6,7.903630128862229,0.3237113402061856,7.903630128862229
1137,19,7.761249017700199,0.29690721649484536,7.761249017700199
1138,92,6.495017704736832,0.24948453608247423,6.495017704736832
1138,21,8.572506621795176,0.2309278350515464,8.572506621795176
1139,14,7.902444991391088,0.2907216494845361,7.902444991391088
1139,62,7.475386811888407,0.35670103092783506,7.475386811888407
1140,92,6.977968192416097,0.31752577319587627,6.977968192416097
1140,77,7.3437648243418,0.2639175257731959,7.3437648243418
1141,55,7.509129637537922,0.26804123711340205,7.509129637537922
1141,63,7.21840136778208,0.29690721649484536,7.21840136778208
1142,13,9.076432683936014,0.17525773195876287,9.076432683936014
1142,7,7.424408063109664,0.3134020618556701,7.424408063109664
1143,76,7.045980395815165,0.26804123711340205,7.045980395815165
1143,16,8.231068784971953,0.26804123711340205,8.231068784971953
1144,92,7.878875801655908,0.22268041237113403,7.878875801655908
1144,78,7.432554481940813,0.30721649484536084,7.432554481940813
1145,41,7.829818818469171,0.3319587628865979,7.829818818469171
1145,36,4.306564354516797,0.2618556701030928,4.306564354516797
1146,41,6.0861569458146345,0.3402061855670103,6.0861569458146345
1146,6,7.621099575236476,0.29690721649484536,7.621099575236476
1147,98,7.8230027967951425,0.2865979381443299,7.8230027967951425
1147,22,7.596340954174757,0.30721649484536084,7.596340954174757
1148,85,7.97413929728146,0.3154639175257732,7.97413929728146
1148,93,6.394700593049159,0.1979381443298969,6.394700593049159
1149,77,8.03076300776677,0.3030927835051546,8.03076300776677
1149,46,7.341015315738427,0.30721649484536084,7.341015315738427
1150,6,9.176202942537612,0.2020618556701031,9.176202942537612
1150,28,7.991164485176162,0.2927835051546392,7.991164485176162
1151,32,7.674972955919966,0.3443298969072165,7.674972955919966
1151,53,6.488866528198296,0.18556701030927836,6.488866528198296
1152,78,7.722850374007432,0.3030927835051546,7.722850374007432
1152,35,7.079559086724998,0.3422680412371134,7.079559086724998
1153,93,8.477119710315081,0.30515463917525776,8.477119710315081
1153,4,9.03218351665742,0.19381443298969073,9.03218351665742
1154,36,7.209504194506823,0.23917525773195877,7.209504194506823
1154,73,5.2669052419211955,0.33814432989690724,5.2669052419211955
1155,45,7.990822566887391,0.2515463917525773,7.990822566887391
1155,51,8.580906767919096,0.2927835051546392,8.580906767919096
1156,41,7.904104339118212,0.22474226804123712,7.904104339118212
1156,55,7.66092426770421,0.21649484536082475,7.66092426770421
1157,55,7.214878183969038,0.29690721649484536,7.214878183969038
1157,92,8.006597695866922,0.21237113402061855,8.006597695866922
1158,25,7.4469331497820725,0.2907216494845361,7.4469331497820725
1158,32,7.805844817137416,0.3463917525773196,7.805844817137416
1159,75,9.354912361020185,0.2268041237113402,9.354912361020185
1159,25,8.35485209763234,0.27628865979381445,8.35485209763234
1160,7,7.939873475975645,0.3319587628865979,7.939873475975645
1160,32,8.430558054373883,0.22268041237113403,8.430558054373883
1161,10,7.911387678314817,0.2618556701030928,7.911387678314817
1161,62,7.13622975239943,0.311340206185567,7.13622975239943
1162,37,9.10619047016439,0.2268041237113402,9.10619047016439
1162,61,8.850706965000473,0.15051546391752577,8.850706965000473
1163,87,7.293552787092652,0.29690721649484536,7.293552787092652
1163,70,7.457347292785935,0.3154639175257732,7.457347292785935
1164,35,8.12201654246423,0.27835051546391754,8.12201654246423
1164,18,7.603738008996986,0.35051546391752575,7.603738008996986
1165,78,8.302982992120091,0.2927835051546392,8.302982992120091
1165,50,8.326146077736828,0.3670103092783505,8.326146077736828
1166,98,7.311640918533626,0.15670103092783505,7.311640918533626
1166,14,8.802331974912715,0.30927835051546393,8.802331974912715
1167,49,8.083533786481208,0.3319587628865979,8.083533786481208
1167,85,8.016522905390524,0.21237113402061855,8.016522905390524
1168,98,8.135904848235032,0.2845360824742268,8.135904848235032
1168,95,8.790073276420797,0.2597938144329897,8.790073276420797
1169,45,9.147113939575908,0.16288659793814433,9.147113939575908
1169,98,7.619070319880685,0.3216494845360825,7.619070319880685
1170,60,8.556299784161665,0.2907216494845361,8.556299784161665
1170,72,7.739464763932038,0.21649484536082475,7.739464763932038
1171,57,5.63589424749369,0.15670103092783505,5.63589424749369
1171,68,6.800065412092045,0.29690721649484536,6.800065412092045
1172,62,9.002017194411177,0.24123711340206186,9.002017194411177
1172,52,8.180457681470905,0.24536082474226803,8.180457681470905
1173,76,7.842411552431204,0.24948453608247423,7.842411552431204
1173,18,7.085023654905087,0.30721649484536084,7.085023654905087
1174,90,8.456549600310206,0.2948453608247423,8.456549600310206
1174,84,8.385746534153688,0.2804123711340206,8.385746534153688
1175,19,7.775806351317894,0.2639175257731959,7.775806351317894
1175,35,6.1707036290808315,0.21855670103092784,6.1707036290808315
1176,35,7.463747885818727,0.3237113402061856,7.463747885818727
1176,27,7.731504970583765,0.3030927835051546,7.731504970583765
1177,73,8.179163679700427,0.35670103092783506,8.179163679700427
1177,28,8.112544488099232,0.3030927835051546,8.112544488099232
1178,58,9.050295376796981,0.22474226804123712,9.050295376796981
1178,84,8.568909383528661,0.2,8.568909383528661
1179,18,8.017503431541835,0.3525773195876289,8.017503431541835
1179,87,8.059187558576745,0.3422680412371134,8.059187558576745
1180,27,7.755099398530679,0.20824742268041238,7.755099398530679
1180,19,8.139560550685914,0.32783505154639175,8.139560550685914
1181,59,9.556763282598743,0.2268041237113402,9.556763282598743
1181,32,8.924268320357893,0.24742268041237114,8.924268320357893
1182,63,8.142265777779405,0.19381443298969073,8.142265777779405
1182,54,8.76010660384836,0.2309278350515464,8.76010660384836
1183,22,8.458256320133785,0.21855670103092784,8.458256320133785
1183,23,6.7391111123186604,0.32577319587628867,6.7391111123186604
1184,53,9.075794164940932,0.21237113402061855,9.075794164940932
1184,8,7.847742572985076,0.22268041237113403,7.847742572985076
1185,49,8.598903603107377,0.22474226804123712,8.598903603107377
1185,94,9.443505260315689,0.1958762886597938,9.443505260315689
1186,35,6.041624975030635,0.30927835051546393,6.041624975030635
1186,50,6.763797297857609,0.32783505154639175,6.763797297857609
1187,50,8.231907758462045,0.30103092783505153,8.231907758462045
1187,34,9.292787087484687,0.21237113402061855,9.292787087484687
1188,5,7.392727849850698,0.20824742268041238,7.392727849850698
1188,25,8.039382977413402,0.18969072164948453,8.039382977413402
1189,36,8.012369319876932,0.24123711340206186,8.012369319876932
1189,19,8.021055084097327,0.2639175257731959,8.021055084097327
1190,57,7.410275187934782,0.2845360824742268,7.410275187934782
1190,92,8.141037597599906,0.34845360824742266,8.141037597599906
1191,77,5.6727009113915114,0.23711340206185566,5.6727009113915114
1191,63,7.416488245328126,0.31958762886597936,7.416488245328126
1192,56,9.338591936389696,0.2268041237113402,9.338591936389696
1192,81,8.951363693608961,0.2329896907216495,8.951363693608961
1193,35,8.841557995280318,0.24123711340206186,8.841557995280318
1193,63,7.634629009335962,0.27628865979381445,7.634629009335962
1194,15,8.438336176242824,0.24123711340206186,8.438336176242824
1194,51,8.616089978215129,0.2329896907216495,8.616089978215129
1195,38,8.19124424746773,0.3030927835051546,8.19124424746773
1195,91,6.576846614591963,0.2268041237113402,6.576846614591963
1196,52,8.736066628386645,0.2721649484536082,8.736066628386645
1196,88,8.899613054819836,0.2329896907216495,8.899613054819836
1197,24,7.349934136997193,0.19381443298969073,7.349934136997193
1197,12,8.578698470396445,0.2020618556701031,8.578698470396445
1198,77,7.657044751521278,0.19175257731958764,7.657044751521278
1198,18,8.365163364806676,0.1463917525773196,8.365163364806676
1199,77,8.283351099986891,0.17525773195876287,8.283351099986891
1199,26,7.608018557438397,0.30103092783505153,7.608018557438397
1200,85,9.199179985567561,0.21030927835051547,9.199179985567561
1200,73,5.73870432369811,0.24329896907216494,5.73870432369811
1201,87,8.49675340969767,0.21237113402061855,8.49675340969767
1201,78,8.546757241005608,0.2556701030927835,8.546757241005608
1202,40,9.217225751457,0.2515463917525773,9.217225751457
1202,92,9.221819217298153,0.2309278350515464,9.221819217298153
1203,33,9.177631489526473,0.12989690721649486,9.177631489526473
1203,11,9.031935752451876,0.22474226804123712,9.031935752451876
1204,90,7.500361476900513,0.14432989690721648,7.500361476900513
1204,93,8.912295050448572,0.18762886597938144,8.912295050448572
1205,27,9.563097178253509,0.1979381443298969,9.563097178253509
1205,25,8.254777386586774,0.3402061855670103,8.254777386586774
1206,50,9.513273936981305,0.2845360824742268,9.513273936981305
1206,17,8.804882280522548,0.2515463917525773,8.804882280522548
1207,43,7.772380595245554,0.24536082474226803,7.772380595245554
1207,79,8.909806829770547,0.15257731958762888,8.909806829770547
1208,43,8.955745669077867,0.18144329896907216,8.955745669077867
1208,76,5.974098139339528,0.2268041237113402,5.974098139339528
1209,5,8.124112243780804,0.26804123711340205,8.124112243780804
1209,28,8.009067906540334,0.26597938144329897,8.009067906540334
1210,70,7.408533617333318,0.2865979381443299,7.408533617333318
1210,90,7.504563705165964,0.17938144329896907,7.504563705165964
1211,86,5.64553678297667,0.16082474226804125,5.64553678297667
1211,30,7.5547243368459505,0.2597938144329897,7.5547243368459505
1212,46,9.373648196138772,0.17525773195876287,9.373648196138772
1212,98,9.327423210304701,0.21237113402061855,9.327423210304701
1213,67,8.953791684972437,0.18350515463917524,8.953791684972437
1213,97,7.393198611054306,0.1731958762886598,7.393198611054306
1214,9,8.139118091344894,0.22268041237113403,8.139118091344894
1214,48,9.119545865424067,0.23505154639175257,9.119545865424067
1215,29,8.800634093023673,0.26597938144329897,8.800634093023673
1215,65,8.219566313993484,0.2845360824742268,8.219566313993484
1216,30,7.036669641053818,0.22061855670103092,7.036669641053818
1216,65,7.480474600699882,0.28865979381443296,7.480474600699882
1217,99,9.045775515109392,0.1958762886597938,9.045775515109392
1217,80,8.30681262566404,0.19175257731958764,8.30681262566404
1218,68,8.714016190289504,0.334020618556701,8.714016190289504
1218,19,9.272004652971642,0.1979381443298969,9.272004652971642
1219,65,8.115775072109324,0.20824742268041238,8.115775072109324
1219,9,7.738182857251554,0.15463917525773196,7.738182857251554
1220,69,9.041830531521137,0.18144329896907216,9.041830531521137
1220,100,8.339145708146738,0.21237113402061855,8.339145708146738
1221,9,9.051387712218018,0.24742268041237114,9.051387712218018
1221,74,9.418256185896862,0.23711340206185566,9.418256185896862
1222,63,8.425007403199729,0.15463917525773196,8.425007403199729
1222,36,8.012106089237408,0.1979381443298969,8.012106089237408
1223,15,9.654497810609554,0.1670103092783505,9.654497810609554
1223,3,9.490082883543767,0.20618556701030927,9.490082883543767
1224,38,8.646308151223643,0.2288659793814433,8.646308151223643
1224,12,7.9952050179161125,0.1670103092783505,7.9952050179161125
1225,86,8.39405314882556,0.15670103092783505,8.39405314882556
1225,41,7.4180909928253165,0.19175257731958764,7.4180909928253165
1226,76,8.04212947935517,0.23917525773195877,8.04212947935517
1226,5,8.703867841894267,0.2288659793814433,8.703867841894267
1227,77,8.818013201968578,0.20412371134020618,8.818013201968578
1227,87,8.909335403505539,0.2618556701030928,8.909335403505539
1228,91,8.267161162031377,0.1731958762886598,8.267161162031377
1228,57,7.745629921288697,0.25773195876288657,7.745629921288697
1229,28,6.963661305302577,0.2288659793814433,6.963661305302577
1229,2,8.813721843112901,0.2020618556701031,8.813721843112901
1230,97,7.402589443073243,0.32577319587628867,7.402589443073243
1230,80,8.16820028647252,0.30927835051546393,8.16820028647252
1231,70,9.398467880543333,0.22268041237113403,9.398467880543333
1231,78,7.115511578901274,0.311340206185567,7.115511578901274
1232,55,7.457544061627531,0.20412371134020618,7.457544061627531
1232,65,7.963777014997859,0.20412371134020618,7.963777014997859
1233,91,8.839959251624977,0.2,8.839959251624977
1233,21,9.314945467660081,0.24123711340206186,9.314945467660081
1234,7,8.138996981751514,0.19381443298969073,8.138996981751514
1234,54,8.646402874840632,0.21443298969072164,8.646402874840632
1235,77,7.4465532514498385,0.21030927835051547,7.4465532514498385
1235,88,7.974162190489391,0.23917525773195877,7.974162190489391
1236,77,7.237975365515359,0.30103092783505153,7.237975365515359
1236,76,5.565378915229674,0.18144329896907216,5.565378915229674
1237,78,9.129294442976091,0.24742268041237114,9.129294442976091
1237,80,8.958453690473219,0.18969072164948453,8.958453690473219
1238,71,8.995729297195941,0.17938144329896907,8.995729297195941
1238,11,8.594069949278795,0.21237113402061855,8.594069949278795
1239,28,8.685195714884497,0.32989690721649484,8.685195714884497
1239,30,6.185343509966457,0.20824742268041238,6.185343509966457
1240,8,8.817460055456033,0.21855670103092784,8.817460055456033
1240,54,8.231817829647197,0.12164948453608247,8.231817829647197
1241,90,7.827583429512541,0.15257731958762888,7.827583429512541
1241,65,7.878153273764693,0.2618556701030928,7.878153273764693
1242,76,9.060312065043664,0.18762886597938144,9.060312065043664
1242,83,9.064973189677502,0.27628865979381445,9.064973189677502
1243,7,8.01420514389103,0.2268041237113402,8.01420514389103
1243,44,8.98457899284756,0.1958762886597938,8.98457899284756
1244,30,9.354774596400853,0.18969072164948453,9.354774596400853
1244,87,7.787618870152704,0.21649484536082475,7.787618870152704
1245,23,7.394151943050841,0.177319587628866,7.394151943050841
1245,60,8.36639244861103,0.18556701030927836,8.36639244861103
1246,96,9.044593524767478,0.2865979381443299,9.044593524767478
1246,36,7.642178982325674,0.18762886597938144,7.642178982325674
1247,60,8.738973455879778,0.21237113402061855,8.738973455879778
1247,38,7.098840326934838,0.20412371134020618,7.098840326934838
1248,36,8.722338080337769,0.20824742268041238,8.722338080337769
1248,57,6.808233986836905,0.20824742268041238,6.808233986836905
1249,87,7.44577795082119,0.26597938144329897,7.44577795082119
1249,42,6.13164913103657,0.08453608247422681,6.13164913103657
1250,22,6.258551083241161,0.2,6.258551083241161
1250,60,6.291165927882946,0.24742268041237114,6.291165927882946
1251,65,9.216675872240996,0.21237113402061855,9.216675872240996
1251,86,6.907408973404739,0.2536082474226804,6.907408973404739
1252,49,7.1991119605496925,0.20412371134020618,7.1991119605496925
1252,95,8.275326500856345,0.24742268041237114,8.275326500856345
1253,86,7.684201091178814,0.16082474226804125,7.684201091178814
1253,24,8.669362077212456,0.24123711340206186,8.669362077212456
1254,5,6.63163529942009,0.22268041237113403,6.63163529942009
1254,47,9.250163194363742,0.2,9.250163194363742
1255,55,8.842228397712367,0.21649484536082475,8.842228397712367
1255,90,8.984214974166001,0.2288659793814433,8.984214974166001
1256,60,8.806308785960507,0.2288659793814433,8.806308785960507
1256,39,8.67289190455751,0.20618556701030927,8.67289190455751
1257,38,8.82944469424369,0.20412371134020618,8.82944469424369
1257,26,9.185731348671059,0.18556701030927836,9.185731348671059
1258,73,8.309083532764873,0.2020618556701031,8.309083532764873
1258,49,7.5632099202770835,0.27835051546391754,7.5632099202770835
1259,22,9.694633159074147,0.1670103092783505,9.694633159074147
1259,73,8.394284470951193,0.26597938144329897,8.394284470951193
1260,88,8.74051850456694,0.20824742268041238,8.74051850456694
1260,12,8.723448577082763,0.20618556701030927,8.723448577082763
1261,89,6.66074140534947,0.17938144329896907,6.66074140534947
1261,32,7.134536099431174,0.21443298969072164,7.134536099431174
1262,66,9.850677741194497,0.18556701030927836,9.850677741194497
1262,29,9.308334192854591,0.19381443298969073,9.308334192854591
1263,68,8.42802088399938,0.16288659793814433,8.42802088399938
1263,43,8.775104755736905,0.18969072164948453,8.775104755736905
1264,10,8.617204355304063,0.1979381443298969,8.617204355304063
1264,25,8.36836046606894,0.21237113402061855,8.36836046606894
1265,60,8.533849357749714,0.2721649484536082,8.533849357749714
1265,96,9.710115937020797,0.2,9.710115937020797
1266,57,8.648513307043865,0.21030927835051547,8.648513307043865
1266,11,9.141470660078493,0.21030927835051547,9.141470660078493
1267,100,7.81825319447574,0.2536082474226804,7.81825319447574
1267,62,7.361917947478416,0.33608247422680415,7.361917947478416
1268,63,8.222577442446154,0.27628865979381445,8.222577442446154
1268,68,9.351366077334575,0.2329896907216495,9.351366077334575
1269,87,8.762603677704927,0.19175257731958764,8.762603677704927
1269,63,8.841809432672688,0.21443298969072164,8.841809432672688
1270,77,8.588213328593554,0.21443298969072164,8.588213328593554
1270,58,9.322787433264802,0.21030927835051547,9.322787433264802
1271,16,8.314064456097476,0.30515463917525776,8.314064456097476
1271,79,8.949857489730482,0.1711340206185567,8.949857489730482
1272,95,9.395532356017355,0.14432989690721648,9.395532356017355
1272,43,8.696901090998695,0.23711340206185566,8.696901090998695
1273,89,9.613938368646442,0.2597938144329897,9.613938368646442
1273,79,9.027954789900601,0.2329896907216495,9.027954789900601
1274,57,7.8266649996835955,0.2,7.8266649996835955
1274,20,7.8401512171528065,0.18969072164948453,7.8401512171528065
1275,73,8.080494718356864,0.16082474226804125,8.080494718356864
1275,4,8.16166193457736,0.2288659793814433,8.16166193457736
1276,16,8.513956240400088,0.18762886597938144,8.513956240400088
1276,52,9.157282787510995,0.21237113402061855,9.157282787510995
1277,38,8.797718278606911,0.2268041237113402,8.797718278606911
1277,53,9.231526655777229,0.23505154639175257,9.231526655777229
1278,42,7.962627483065399,0.2309278350515464,7.962627483065399
1278,87,7.858381432195321,0.2288659793814433,7.858381432195321
1279,42,8.82763059674457,0.1979381443298969,8.82763059674457
1279,36,8.909914096481604,0.19381443298969073,8.909914096481604
1280,60,8.675584442668724,0.2845360824742268,8.675584442668724
1280,28,9.112987372431474,0.21443298969072164,9.112987372431474
1281,23,9.479151502016515,0.22061855670103092,9.479151502016515
1281,64,8.490624264153329,0.20412371134020618,8.490624264153329
1282,62,6.722159117982143,0.19175257731958764,6.722159117982143
1282,80,9.032281857196523,0.18350515463917524,9.032281857196523
1283,100,8.6987897389591,0.18556701030927836,8.6987897389591
1283,13,7.710941546887786,0.2329896907216495,7.710941546887786
1284,87,8.4701511590593,0.20412371134020618,8.4701511590593
1284,73,8.055436222320887,0.18144329896907216,8.055436222320887
1285,62,7.612735040269875,0.23505154639175257,7.612735040269875
1285,52,8.793872474990792,0.22061855670103092,8.793872474990792
1286,17,9.099000880865141,0.15463917525773196,9.099000880865141
1286,91,7.860339677242515,0.15876288659793814,7.860339677242515
1287,12,8.798846474640028,0.2268041237113402,8.798846474640028
1287,99,8.799228803167901,0.2020618556701031,8.799228803167901
1288,73,7.973932728388316,0.23711340206185566,7.973932728388316
1288,99,7.267685504530303,0.20412371134020618,7.267685504530303
1289,77,9.52846729874205,0.19381443298969073,9.52846729874205
1289,48,8.292478394808132,0.177319587628866,8.292478394808132
1290,99,9.13722261291863,0.23917525773195877,9.13722261291863
1290,2,8.404966110551811,0.21649484536082475,8.404966110551811
1291,73,7.987538684718505,0.12371134020618557,7.987538684718505
1291,7,8.54318639088402,0.2268041237113402,8.54318639088402
1292,60,8.69202923186493,0.24742268041237114,8.69202923186493
1292,31,8.849853817022824,0.2020618556701031,8.849853817022824
1293,39,7.146350062997605,0.20412371134020618,7.146350062997605
1293,35,9.48595123809823,0.22268041237113403,9.48595123809823
1294,5,6.616110438939861,0.16907216494845362,6.616110438939861
1294,18,7.883828965249515,0.2329896907216495,7.883828965249515
1295,20,9.247728808248613,0.21443298969072164,9.247728808248613
1295,48,7.808579319980775,0.17938144329896907,7.808579319980775
1296,97,8.735460848429305,0.27010309278350514,8.735460848429305
1296,17,9.30006759483853,0.16494845360824742,9.30006759483853
1297,81,8.806842793325705,0.1958762886597938,8.806842793325705
1297,80,8.119995311708754,0.16082474226804125,8.119995311708754
1298,87,8.936350708302765,0.20824742268041238,8.936350708302765
1298,10,7.926033561344072,0.1731958762886598,7.926033561344072
1299,80,8.927892776516558,0.26597938144329897,8.927892776516558
1299,51,9.335196885204278,0.1958762886597938,9.335196885204278
1300,62,9.534948358190807,0.1711340206185567,9.534948358190807
1300,91,9.099966116877983,0.20618556701030927,9.099966116877983
1301,16,7.430123627942829,0.15670103092783505,7.430123627942829
1301,91,9.866232267000722,0.177319587628866,9.866232267000722
1302,43,6.779132582338602,0.15463917525773196,6.779132582338602
1302,14,9.430781778260194,0.2020618556701031,9.430781778260194
1303,38,7.8227468100401225,0.1402061855670103,7.8227468100401225
1303,61,8.825192817820362,0.23505154639175257,8.825192817820362
1304,57,9.00568488603568,0.17525773195876287,9.00568488603568
1304,28,8.866179802479659,0.17938144329896907,8.866179802479659
1305,24,8.088030939502817,0.2268041237113402,8.088030939502817
1305,82,9.467289533677507,0.22061855670103092,9.467289533677507
1306,32,8.432539397670807,0.18556701030927836,8.432539397670807
1306,39,8.28827951756718,0.16907216494845362,8.28827951756718
1307,5,6.990359071742175,0.2,6.990359071742175
1307,86,8.959716648873641,0.16907216494845362,8.959716648873641
1308,54,7.305103926441138,0.18144329896907216,7.305103926441138
1308,63,8.216316392431953,0.2597938144329897,8.216316392431953
1309,28,9.139268179209015,0.19381443298969073,9.139268179209015
1309,76,7.884229310068552,0.19175257731958764,7.884229310068552
1310,18,8.762583285010033,0.21030927835051547,8.762583285010033
1310,1,9.494128487626316,0.15876288659793814,9.494128487626316
1311,73,6.215500875117902,0.1463917525773196,6.215500875117902
1311,21,8.538963899227097,0.2597938144329897,8.538963899227097
1312,39,9.665360608379617,0.19175257731958764,9.665360608379617
1312,32,8.893914647456711,0.1958762886597938,8.893914647456711
1313,5,8.023408467521707,0.2824742268041237,8.023408467521707
1313,4,7.830008988999702,0.18144329896907216,7.830008988999702
1314,100,9.324674543995512,0.16082474226804125,9.324674543995512
1314,36,8.825911385994186,0.21030927835051547,8.825911385994186
1315,97,9.079983518633384,0.27835051546391754,9.079983518633384
1315,12,8.175069331402886,0.2020618556701031,8.175069331402886
1316,24,8.796924096466501,0.24123711340206186,8.796924096466501
1316,80,8.006877045867844,0.24536082474226803,8.006877045867844
1317,49,9.198580209022364,0.17938144329896907,9.198580209022364
1317,83,6.668565797985352,0.1979381443298969,6.668565797985352
1318,21,8.951013617422358,0.2515463917525773,8.951013617422358
1318,92,9.73249186288053,0.17938144329896907,9.73249186288053
1319,60,9.099672207717735,0.21443298969072164,9.099672207717735
1319,42,7.7444493546526845,0.22474226804123712,7.7444493546526845
1320,54,9.0454622992177,0.17938144329896907,9.0454622992177
1320,41,9.11358832472385,0.21649484536082475,9.11358832472385
1321,83,9.098201255038044,0.2536082474226804,9.098201255038044
1321,2,7.669331491183428,0.19175257731958764,7.669331491183428
1322,48,9.336816506431811,0.1958762886597938,9.336816506431811
1322,76,8.514071397012458,0.2536082474226804,8.514071397012458
1323,13,9.688256315015973,0.20618556701030927,9.688256315015973
1323,93,9.433693918883732,0.18144329896907216,9.433693918883732
1324,24,8.935450896205293,0.21855670103092784,8.935450896205293
1324,21,7.831348249268181,0.2288659793814433,7.831348249268181
1325,44,9.366062918769817,0.1711340206185567,9.366062918769817
1325,83,8.858562435744066,0.2288659793814433,8.858562435744066
1326,24,9.087014734158993,0.16082474226804125,9.087014734158993
1326,67,8.667433917726697,0.1731958762886598,8.667433917726697
1327,73,8.352117043714749,0.20412371134020618,8.352117043714749
1327,7,8.329511098035058,0.30103092783505153,8.329511098035058
1328,4,9.55700940031382,0.2,9.55700940031382
1328,35,8.948829225725794,0.20618556701030927,8.948829225725794
1329,12,9.100172360781661,0.24742268041237114,9.100172360781661
1329,8,9.112047906751673,0.21237113402061855,9.112047906751673
1330,2,8.742948257817261,0.21443298969072164,8.742948257817261
1330,53,9.039778717812666,0.2268041237113402,9.039778717812666
1331,38,8.347098484317396,0.11752577319587629,8.347098484317396
1331,7,9.717477127414554,0.20412371134020618,9.717477127414554
1332,63,6.834307621094362,0.2,6.834307621094362
1332,11,8.85309106929022,0.20824742268041238,8.85309106929022
1333,29,9.26330476813151,0.20824742268041238,9.26330476813151
1333,93,8.437234395156114,0.21030927835051547,8.437234395156114
1334,42,9.762069034453045,0.2,9.762069034453045
1334,5,8.48308662249509,0.13402061855670103,8.48308662249509
1335,35,6.774327207500225,0.21030927835051547,6.774327207500225
1335,34,9.57803243704346,0.19175257731958764,9.57803243704346
1336,83,9.661789932955292,0.18969072164948453,9.661789932955292
1336,41,8.590243181709114,0.20824742268041238,8.590243181709114
1337,72,9.855207694428927,0.1670103092783505,9.855207694428927
1337,25,9.615361164426952,0.1958762886597938,9.615361164426952
1338,8,7.447448960924156,0.27010309278350514,7.447448960924156
1338,19,7.205165317895712,0.26804123711340205,7.205165317895712
1339,21,8.59753767864457,0.15051546391752577,8.59753767864457
1339,9,8.11625385676447,0.17938144329896907,8.11625385676447
1340,40,8.086128651681786,0.18556701030927836,8.086128651681786
1340,48,9.484552545422115,0.19381443298969073,9.484552545422115
1341,35,7.992093922881462,0.1731958762886598,7.992093922881462
1341,49,8.128161488969264,0.24536082474226803,8.128161488969264
1342,8,7.1652898548751,0.19175257731958764,7.1652898548751
1342,80,6.225558141294042,0.17938144329896907,6.225558141294042
1343,88,8.693224350198376,0.2536082474226804,8.693224350198376
1343,46,8.340011663830072,0.18762886597938144,8.340011663830072
1344,49,6.456294564439879,0.16082474226804125,6.456294564439879
1344,38,8.912229819856158,0.2721649484536082,8.912229819856158
1345,9,9.564570466507877,0.1463917525773196,9.564570466507877
1345,64,8.020767675077327,0.2020618556701031,8.020767675077327
1346,21,8.540316323287891,0.26597938144329897,8.540316323287891
1346,18,9.123502118036788,0.26804123711340205,9.123502118036788
1347,63,9.43670934436218,0.21855670103092784,9.43670934436218
1347,46,8.797283120126012,0.14845360824742268,8.797283120126012
1348,21,8.847280583472607,0.1979381443298969,8.847280583472607
1348,90,8.929983088332655,0.2309278350515464,8.929983088332655
1349,64,9.230489183969308,0.2329896907216495,9.230489183969308
1349,86,8.310876822402049,0.1422680412371134,8.310876822402049
1350,93,8.4089012575136,0.1360824742268041,8.4089012575136
1350,46,7.880864216799398,0.2721649484536082,7.880864216799398
1351,97,8.948653797533952,0.20824742268041238,8.948653797533952
1351,24,8.809993117779227,0.17525773195876287,8.809993117779227
1352,43,6.536070438326407,0.20618556701030927,6.536070438326407
1352,32,8.84616088098465,0.2268041237113402,8.84616088098465
1353,61,7.479281101257762,0.20412371134020618,7.479281101257762
1353,37,8.787624451809517,0.2,8.787624451809517
1354,81,8.185929694927411,0.22268041237113403,8.185929694927411
1354,64,8.255006402010725,0.177319587628866,8.255006402010725
1355,43,7.928583887197545,0.17938144329896907,7.928583887197545
1355,52,8.926113186141755,0.2288659793814433,8.926113186141755
1356,69,9.42547965599266,0.21237113402061855,9.42547965599266
1356,28,9.334156418408742,0.2515463917525773,9.334156418408742
1357,81,8.790726792541431,0.18350515463917524,8.790726792541431
1357,57,8.217720581742043,0.16082474226804125,8.217720581742043
1358,40,9.224146410742609,0.20412371134020618,9.224146410742609
1358,21,8.68832907405097,0.18969072164948453,8.68832907405097
1359,81,8.677706750540445,0.21237113402061855,8.677706750540445
1359,87,9.095879930605895,0.2288659793814433,9.095879930605895
1360,67,8.327114356828973,0.2309278350515464,8.327114356828973
1360,90,6.039513687278969,0.12371134020618557,6.039513687278969
1361,8,7.622524136755264,0.1731958762886598,7.622524136755264
1361,55,8.869951909174562,0.22474226804123712,8.869951909174562
1362,19,8.133186667551087,0.18969072164948453,8.133186667551087
1362,11,9.652838253352186,0.24123711340206186,9.652838253352186
1363,97,8.22538173512475,0.23711340206185566,8.22538173512475
1363,12,6.590319362504438,0.16907216494845362,6.590319362504438
1364,76,8.308787176282324,0.2536082474226804,8.308787176282324
1364,84,6.965721876233587,0.18969072164948453,6.965721876233587
1365,32,7.180385631492319,0.22474226804123712,7.180385631492319
1365,38,9.179562122506354,0.2288659793814433,9.179562122506354
1366,5,8.582559798952236,0.18762886597938144,8.582559798952236
1366,21,8.468722957188522,0.1958762886597938,8.468722957188522
1367,80,8.894218307603946,0.2288659793814433,8.894218307603946
1367,10,8.187431041358932,0.22474226804123712,8.187431041358932
1368,76,9.01821098857638,0.2556701030927835,9.01821098857638
1368,73,8.903329916881493,0.2721649484536082,8.903329916881493
1369,76,8.385444380717082,0.20412371134020618,8.385444380717082
1369,28,8.857900127151131,0.23917525773195877,8.857900127151131
1370,37,8.076560011862334,0.23711340206185566,8.076560011862334
1370,45,7.646909819535886,0.2,7.646909819535886
1371,46,9.05321215544782,0.24329896907216494,9.05321215544782
1371,5,6.949267632891413,0.15463917525773196,6.949267632891413
1372,76,9.575608650384018,0.1979381443298969,9.575608650384018
1372,80,6.946372847844078,0.11134020618556702,6.946372847844078
1373,16,6.776972921428092,0.24329896907216494,6.776972921428092
1373,10,5.837609750144078,0.44536082474226807,5.837609750144078
1374,86,7.267688473768732,0.2515463917525773,7.267688473768732
1374,93,6.731078456370114,0.1711340206185567,6.731078456370114
1375,32,5.5545544902015855,0.15876288659793814,5.5545544902015855
1375,64,8.0144947541339,0.2721649484536082,8.0144947541339
1376,86,8.702081312234474,0.22268041237113403,8.702081312234474
1376,97,8.619910968252892,0.19381443298969073,8.619910968252892
1377,32,8.669359312668295,0.21855670103092784,8.669359312668295
1377,73,8.434443569271277,0.24329896907216494,8.434443569271277
1378,45,9.14532414596744,0.1731958762886598,9.14532414596744
1378,20,7.800861597628934,0.15670103092783505,7.800861597628934
1379,35,8.254198208807596,0.24123711340206186,8.254198208807596
1379,21,9.495690620633528,0.21649484536082475,9.495690620633528
1380,49,8.908632393682879,0.20618556701030927,8.908632393682879
1380,2,9.137405728569329,0.21443298969072164,9.137405728569329
1381,16,9.607917991648957,0.19175257731958764,9.607917991648957
1381,73,9.147576428310442,0.20412371134020618,9.147576428310442
1382,45,9.009588670844986,0.20412371134020618,9.009588670844986
1382,6,9.051423184725007,0.18969072164948453,9.051423184725007
1383,87,9.081762224588044,0.24948453608247423,9.081762224588044
1383,74,9.226524711880982,0.1731958762886598,9.226524711880982
1384,61,7.795854506877745,0.18556701030927836,7.795854506877745
1384,85,8.795776199419434,0.25773195876288657,8.795776199419434
1385,10,8.745860241665838,0.24536082474226803,8.745860241665838
1385,38,8.923987838445766,0.1979381443298969,8.923987838445766
1386,41,9.256780770617956,0.1979381443298969,9.256780770617956
1386,79,8.684114066527428,0.24329896907216494,8.684114066527428
1387,64,9.6986296586265,0.21443298969072164,9.6986296586265
1387,28,8.253955872532377,0.14845360824742268,8.253955872532377
1388,55,9.629857389395251,0.18969072164948453,9.629857389395251
1388,44,8.613408085453461,0.18969072164948453,8.613408085453461
1389,5,9.259587373614306,0.21649484536082475,9.259587373614306
1389,57,8.035159067258475,0.2020618556701031,8.035159067258475
1390,97,9.200739376414543,0.2268041237113402,9.200739376414543
1390,71,8.15000951262062,0.13814432989690723,8.15000951262062
1391,84,9.025933895488393,0.18350515463917524,9.025933895488393
1391,52,8.15545822120896,0.18144329896907216,8.15545822120896
1392,79,8.207762823273745,0.18144329896907216,8.207762823273745
1392,36,8.816447955493507,0.16907216494845362,8.816447955493507
1393,61,9.135073229328547,0.21030927835051547,9.135073229328547
1393,71,9.191471638136738,0.22474226804123712,9.191471638136738
1394,43,3.9944928352692766,0.1463917525773196,3.9944928352692766
1394,47,4.905933000462764,0.24123711340206186,4.905933000462764
1395,52,7.779224017364359,0.22474226804123712,7.779224017364359
1395,61,8.601817013783124,0.21443298969072164,8.601817013783124
1396,43,6.995809438254223,0.2536082474226804,6.995809438254223
1396,97,8.959566449905417,0.22268041237113403,8.959566449905417
1397,60,9.487179312894746,0.177319587628866,9.487179312894746
1397,74,7.612115647588468,0.2329896907216495,7.612115647588468
1398,8,5.998662499893114,0.2,5.998662499893114
1398,20,6.092108130466827,0.15257731958762888,6.092108130466827
1399,86,7.015300565234028,0.1402061855670103,7.015300565234028
1399,18,8.37589242040189,0.21443298969072164,8.37589242040189
1400,98,9.577620321995312,0.2268041237113402,9.577620321995312
1400,60,9.4523432688599,0.2268041237113402,9.4523432688599
1401,37,9.088934676312155,0.17938144329896907,9.088934676312155
1401,36,7.917632417572703,0.18144329896907216,7.917632417572703
1402,19,8.794736109918583,0.2536082474226804,8.794736109918583
1402,31,8.451490230841031,0.18969072164948453,8.451490230841031
1403,20,9.83926169503372,0.2309278350515464,9.83926169503372
1403,86,8.013796940473181,0.2536082474226804,8.013796940473181
1404,81,7.512158425246329,0.17938144329896907,7.512158425246329
1404,19,8.302842355663081,0.22268041237113403,8.302842355663081
1405,84,8.78058437745863,0.24536082474226803,8.78058437745863
1405,37,8.628294594738342,0.24536082474226803,8.628294594738342
1406,8,9.532696643437781,0.18762886597938144,9.532696643437781
1406,12,9.086567931698152,0.20412371134020618,9.086567931698152
1407,74,7.15012783703779,0.21649484536082475,7.15012783703779
1407,17,8.815239885444745,0.1958762886597938,8.815239885444745
1408,36,8.334137431916087,0.21855670103092784,8.334137431916087
1408,51,7.350302213636145,0.23711340206185566,7.350302213636145
1409,81,8.736245390550724,0.177319587628866,8.736245390550724
1409,32,9.680301510891812,0.20824742268041238,9.680301510891812
1410,85,9.246783008920785,0.2,9.246783008920785
1410,33,8.88084646633453,0.21443298969072164,8.88084646633453
1411,84,7.254463247516344,0.18350515463917524,7.254463247516344
1411,21,8.743702294597188,0.2804123711340206,8.743702294597188
1412,41,7.858909649593512,0.2824742268041237,7.858909649593512
1412,5,9.630002417034133,0.1670103092783505,9.630002417034133
1413,99,9.195138810153779,0.23917525773195877,9.195138810153779
1413,65,9.946106839997622,0.12783505154639174,9.946106839997622
1414,85,9.835706759497533,0.21443298969072164,9.835706759497533
1414,30,8.178253664629912,0.2,8.178253664629912
1415,51,8.28497852111423,0.27628865979381445,8.28497852111423
1415,86,8.846604148054494,0.20824742268041238,8.846604148054494
1416,41,9.506245808137683,0.1958762886597938,9.506245808137683
1416,87,8.541461043703894,0.1731958762886598,8.541461043703894
1417,90,9.316409855180492,0.21443298969072164,9.316409855180492
1417,81,8.915418323073569,0.1979381443298969,8.915418323073569
1418,79,9.288440653626836,0.2536082474226804,9.288440653626836
1418,86,8.251305240309888,0.15876288659793814,8.251305240309888
1419,88,9.243641809516896,0.20618556701030927,9.243641809516896
1419,38,8.26974596457036,0.19381443298969073,8.26974596457036
1420,70,8.801535217276705,0.17525773195876287,8.801535217276705
1420,77,7.42400178973795,0.21030927835051547,7.42400178973795
1421,10,6.17544166095988,0.2020618556701031,6.17544166095988
1421,88,9.726174799366367,0.2288659793814433,9.726174799366367
1422,61,9.334844327428142,0.15257731958762888,9.334844327428142
1422,44,7.786587235153053,0.19381443298969073,7.786587235153053
1423,93,8.968042782676623,0.19381443298969073,8.968042782676623
1423,73,7.350103518865466,0.15670103092783505,7.350103518865466
1424,38,8.830809672863579,0.2515463917525773,8.830809672863579
1424,17,8.963741225701643,0.2721649484536082,8.963741225701643
1425,43,9.155831465176988,0.18969072164948453,9.155831465176988
1425,86,8.29208688191512,0.2515463917525773,8.29208688191512
1426,78,8.775402050851211,0.15463917525773196,8.775402050851211
1426,68,9.616747756508612,0.2,9.616747756508612
1427,35,8.662043011173138,0.18556701030927836,8.662043011173138
1427,33,9.617414681618397,0.23505154639175257,9.617414681618397
1428,44,9.251290294485967,0.20618556701030927,9.251290294485967
1428,69,8.910147690063523,0.2268041237113402,8.910147690063523
1429,73,8.568643129200645,0.20412371134020618,8.568643129200645
1429,3,6.892507436456813,0.2288659793814433,6.892507436456813
1430,12,9.51801501204093,0.21443298969072164,9.51801501204093
1430,56,9.373620749060146,0.29896907216494845,9.373620749060146
1431,73,6.000888596152086,0.22268041237113403,6.000888596152086
1431,49,7.987448109047515,0.12989690721649486,7.987448109047515
1432,10,8.232447526668931,0.31752577319587627,8.232447526668931
1432,51,8.980721349725847,0.21649484536082475,8.980721349725847
1433,49,7.953754595562733,0.2288659793814433,7.953754595562733
1433,28,9.471350259005328,0.24123711340206186,9.471350259005328
1434,31,9.673187078443044,0.18144329896907216,9.673187078443044
1434,21,7.722336771971863,0.19175257731958764,7.722336771971863
1435,35,7.9671897639458304,0.24742268041237114,7.9671897639458304
1435,26,8.666723421308077,0.1711340206185567,8.666723421308077
1436,67,9.000184730409524,0.2288659793814433,9.000184730409524
1436,69,8.812209886159394,0.2309278350515464,8.812209886159394
1437,67,9.53277566812741,0.20618556701030927,9.53277566812741
1437,100,8.357406070408853,0.15876288659793814,8.357406070408853
1438,73,9.025446665928332,0.22474226804123712,9.025446665928332
1438,57,9.252606415870842,0.22061855670103092,9.252606415870842
1439,86,9.347728548594855,0.18762886597938144,9.347728548594855
1439,38,7.92695395664281,0.1979381443298969,7.92695395664281
1440,19,8.203621256587248,0.29896907216494845,8.203621256587248
1440,78,8.950862082280409,0.24329896907216494,8.950862082280409
1441,3,9.41582055057557,0.177319587628866,9.41582055057557
1441,10,7.444514892126968,0.15257731958762888,7.444514892126968
1442,47,9.068316073594252,0.18969072164948453,9.068316073594252
1442,30,9.318747204780466,0.20824742268041238,9.318747204780466
1443,84,9.367735531418191,0.22268041237113403,9.367735531418191
1443,52,9.779250831877526,0.21030927835051547,9.779250831877526
1444,78,7.209733485758272,0.1670103092783505,7.209733485758272
1444,79,8.807595480370294,0.26804123711340205,8.807595480370294
1445,3,8.480117937239417,0.18969072164948453,8.480117937239417
1445,68,6.740362205268231,0.18144329896907216,6.740362205268231
1446,97,5.669483372319925,0.1979381443298969,5.669483372319925
1446,6,9.09481639762898,0.22268041237113403,9.09481639762898
1447,38,9.528323003053208,0.2618556701030928,9.528323003053208
1447,81,8.004631861651085,0.2329896907216495,8.004631861651085
1448,81,9.25556712466009,0.1979381443298969,9.25556712466009
1448,19,9.210993041786855,0.2020618556701031,9.210993041786855
1449,21,5.772970295290953,0.21237113402061855,5.772970295290953
1449,43,9.06629133685849,0.2268041237113402,9.06629133685849
1450,48,9.397400229626232,0.16907216494845362,9.397400229626232
1450,8,8.610817291263343,0.23917525773195877,8.610817291263343
1451,24,7.5685352147000575,0.18144329896907216,7.5685352147000575
1451,62,9.134071682411335,0.20618556701030927,9.134071682411335
1452,97,8.014868775053493,0.20412371134020618,8.014868775053493
1452,15,7.1284439287499275,0.24123711340206186,7.1284439287499275
1453,3,9.80816072396208,0.1422680412371134,9.80816072396208
1453,99,8.46250917080253,0.2288659793814433,8.46250917080253
1454,15,8.81669432484757,0.2,8.81669432484757
1454,17,9.677652415382445,0.19381443298969073,9.677652415382445
1455,70,9.211525897484918,0.18969072164948453,9.211525897484918
1455,69,9.027535087660905,0.24329896907216494,9.027535087660905
1456,80,9.514767068516582,0.1979381443298969,9.514767068516582
1456,78,9.37895026224261,0.24742268041237114,9.37895026224261
1457,68,8.08893685706645,0.20618556701030927,8.08893685706645
1457,45,8.971377406504862,0.24742268041237114,8.971377406504862
1458,99,9.295574869242854,0.24329896907216494,9.295574869242854
1458,19,8.80871628760671,0.17938144329896907,8.80871628760671
1459,35,8.684862963548927,0.17525773195876287,8.684862963548927
1459,15,8.99462712518933,0.18350515463917524,8.99462712518933
1460,43,8.500216634573693,0.20618556701030927,8.500216634573693
1460,75,8.693092245884397,0.21030927835051547,8.693092245884397
1461,19,7.581828953819646,0.22268041237113403,7.581828953819646
1461,84,8.999140867223764,0.21443298969072164,8.999140867223764
1462,54,6.891526030764065,0.13814432989690723,6.891526030764065
1462,27,9.466194595582085,0.20824742268041238,9.466194595582085
1463,26,8.407880784648222,0.24948453608247423,8.407880784648222
1463,2,9.174227644587669,0.21237113402061855,9.174227644587669
1464,26,8.256830157845682,0.2268041237113402,8.256830157845682
1464,79,8.151885171925938,0.1731958762886598,8.151885171925938
1465,97,8.47025139710434,0.2639175257731959,8.47025139710434
1465,73,7.4314409215626,0.12989690721649486,7.4314409215626
1466,87,8.567577745954402,0.18556701030927836,8.567577745954402
1466,8,8.207452049150461,0.21443298969072164,8.207452049150461
1467,53,7.410990411144235,0.15051546391752577,7.410990411144235
1467,61,8.728812496935351,0.23917525773195877,8.728812496935351
1468,21,8.13796764177274,0.24329896907216494,8.13796764177274
1468,69,8.207951710287578,0.2309278350515464,8.207951710287578
1469,81,8.343195099345191,0.2329896907216495,8.343195099345191
1469,56,8.446417352082356,0.2309278350515464,8.446417352082356
1470,8,9.146790515541849,0.16082474226804125,9.146790515541849
1470,82,9.267942141084626,0.15670103092783505,9.267942141084626
1471,51,7.666427701958899,0.1958762886597938,7.666427701958899
1471,46,9.625576565351523,0.20618556701030927,9.625576565351523
1472,73,9.68437218753999,0.21649484536082475,9.68437218753999
1472,29,7.854411337824906,0.22268041237113403,7.854411337824906
1473,26,7.391413676739795,0.10515463917525773,7.391413676739795
1473,75,8.446900554342667,0.21443298969072164,8.446900554342667
1474,27,7.903317576378584,0.21030927835051547,7.903317576378584
1474,67,7.669960370236719,0.23505154639175257,7.669960370236719
1475,45,9.002692006421718,0.18969072164948453,9.002692006421718
1475,60,7.773003469202457,0.16494845360824742,7.773003469202457
1476,74,6.754611061499757,0.2556701030927835,6.754611061499757
1476,24,8.288977398933948,0.2597938144329897,8.288977398933948
1477,93,9.50779789929786,0.1731958762886598,9.50779789929786
1477,13,9.283527756533909,0.2515463917525773,9.283527756533909
1478,60,7.472611657809354,0.20824742268041238,7.472611657809354
1478,81,8.684331820013755,0.1731958762886598,8.684331820013755
1479,68,6.701794516775907,0.2288659793814433,6.701794516775907
1479,15,8.167460094552855,0.21649484536082475,8.167460094552855
1480,78,8.70028964014826,0.23917525773195877,8.70028964014826
1480,48,9.082624664882259,0.29690721649484536,9.082624664882259
1481,15,8.770374238344699,0.13814432989690723,8.770374238344699
1481,97,9.249704847911845,0.18969072164948453,9.249704847911845
1482,57,8.22885337631927,0.16288659793814433,8.22885337631927
1482,80,7.231595551743829,0.22061855670103092,7.231595551743829
1483,67,8.40593052484971,0.1958762886597938,8.40593052484971
1483,44,9.410924673139741,0.20824742268041238,9.410924673139741
1484,51,8.776530757577248,0.2,8.776530757577248
1484,99,8.645719404393141,0.18350515463917524,8.645719404393141
1485,54,6.256263074629034,0.13402061855670103,6.256263074629034
1485,80,6.886103692870979,0.2,6.886103692870979
1486,75,6.378909513921234,0.22061855670103092,6.378909513921234
1486,61,7.871212571633535,0.22268041237113403,7.871212571633535
1487,61,6.622154607049383,0.17525773195876287,6.622154607049383
1487,69,9.56134693688366,0.18762886597938144,9.56134693688366
1488,79,8.955387534910814,0.2639175257731959,8.955387534910814
1488,18,8.52724997414582,0.2288659793814433,8.52724997414582
1489,75,9.137126082958869,0.1958762886597938,9.137126082958869
1489,29,8.29484047840997,0.1731958762886598,8.29484047840997
1490,27,9.040112358972815,0.18350515463917524,9.040112358972815
1490,37,9.683207782977185,0.1731958762886598,9.683207782977185
1491,87,9.113247863022421,0.1979381443298969,9.113247863022421
1491,35,9.219084414326609,0.18144329896907216,9.219084414326609
1492,54,9.862481831566072,0.18969072164948453,9.862481831566072
1492,78,6.275150379707507,0.1670103092783505,6.275150379707507
1493,78,7.24513583133052,0.13814432989690723,7.24513583133052
1493,77,8.277921848721862,0.21649484536082475,8.277921848721862
1494,60,8.492832520023187,0.23917525773195877,8.492832520023187
1494,67,7.407905520033975,0.21030927835051547,7.407905520033975
1495,78,8.162262836791918,0.18556701030927836,8.162262836791918
1495,100,9.732956111436462,0.21030927835051547,9.732956111436462
1496,67,9.087972686742392,0.26804123711340205,9.087972686742392
1496,75,10.008615549530974,0.2329896907216495,10.008615549530974
1497,45,9.048436598752337,0.18350515463917524,9.048436598752337
1497,13,8.671047128394099,0.19381443298969073,8.671047128394099
1498,97,9.193832924895798,0.1463917525773196,9.193832924895798
1498,82,8.706849765336093,0.1958762886597938,8.706849765336093
1499,80,8.185368686164187,0.22061855670103092,8.185368686164187
1499,53,8.090885357144101,0.1979381443298969,8.090885357144101
1500,77,9.547926315955358,0.22268041237113403,9.547926315955358
1500,36,8.535940472938371,0.18969072164948453,8.535940472938371
1501,87,8.760416190542614,0.23917525773195877,8.760416190542614
1501,35,7.464244304791719,0.20824742268041238,7.464244304791719
1502,49,8.597080427429844,0.22061855670103092,8.597080427429844
1502,13,9.04670185786571,0.24329896907216494,9.04670185786571
1503,10,9.197252214911968,0.17938144329896907,9.197252214911968
1503,55,8.798380469462781,0.24742268041237114,8.798380469462781
1504,18,7.930299906145544,0.15670103092783505,7.930299906145544
1504,25,8.71472544465375,0.20618556701030927,8.71472544465375
1505,15,8.709398785717944,0.177319587628866,8.709398785717944
1505,8,7.9976049075016435,0.1979381443298969,7.9976049075016435
1506,21,9.803609600543101,0.21649484536082475,9.803609600543101
1506,94,9.173666835557109,0.2,9.173666835557109
1507,74,8.620362794283524,0.18762886597938144,8.620362794283524
1507,78,9.167322269783392,0.19381443298969073,9.167322269783392
1508,60,9.111326031263966,0.21237113402061855,9.111326031263966
1508,93,8.488275600830159,0.19175257731958764,8.488275600830159
1509,29,10.06844534865971,0.16288659793814433,10.06844534865971
1509,27,9.430458945714024,0.23917525773195877,9.430458945714024
1510,53,8.558984141145352,0.2329896907216495,8.558984141145352
1510,94,9.328305277684173,0.18762886597938144,9.328305277684173
1511,99,7.202732564705202,0.15257731958762888,7.202732564705202
1511,94,8.438893780085714,0.1670103092783505,8.438893780085714
1512,82,7.941532699641828,0.21237113402061855,7.941532699641828
1512,95,9.72594458928082,0.22061855670103092,9.72594458928082
1513,61,8.885497770431778,0.19381443298969073,8.885497770431778
1513,28,9.043168714453753,0.20618556701030927,9.043168714453753
1514,87,9.849189067100715,0.18969072164948453,9.849189067100715
1514,44,8.328937945847963,0.18969072164948453,8.328937945847963
1515,62,9.635491997545406,0.24123711340206186,9.635491997545406
1515,1,8.778898824830833,0.18350515463917524,8.778898824830833
1516,49,8.3366782001102,0.15876288659793814,8.3366782001102
1516,27,6.4306730261324745,0.14432989690721648,6.4306730261324745
1517,8,8.074398946685141,0.16288659793814433,8.074398946685141
1517,69,5.62315650346855,0.1360824742268041,5.62315650346855
1518,99,9.038113745627573,0.24742268041237114,9.038113745627573
1518,26,9.867608822965819,0.19381443298969073,9.867608822965819
1519,36,8.719253004725832,0.20412371134020618,8.719253004725832
1519,13,8.368923693782177,0.2845360824742268,8.368923693782177
1520,15,7.453882258744944,0.20412371134020618,7.453882258744944
1520,84,8.47647060821846,0.20618556701030927,8.47647060821846
1521,27,7.2589680280114175,0.18969072164948453,7.2589680280114175
1521,82,7.96953682942886,0.30103092783505153,7.96953682942886
1522,56,9.980633530426184,0.24536082474226803,9.980633530426184
1522,53,8.714394011829365,0.2020618556701031,8.714394011829365
1523,13,9.002063233841225,0.21237113402061855,9.002063233841225
1523,1,8.71184878092878,0.2288659793814433,8.71184878092878
1524,84,8.84214476090502,0.2515463917525773,8.84214476090502
1524,32,8.597607671443857,0.1979381443298969,8.597607671443857
1525,36,8.552957811749497,0.1958762886597938,8.552957811749497
1525,71,9.184984863532978,0.21443298969072164,9.184984863532978
1526,68,9.13397989421693,0.1711340206185567,9.13397989421693
1526,19,9.246654649239309,0.1670103092783505,9.246654649239309
1527,15,7.848514753496372,0.15463917525773196,7.848514753496372
1527,90,8.35392986262871,0.1958762886597938,8.35392986262871
1528,84,9.492568981920718,0.1463917525773196,9.492568981920718
1528,10,6.966689912595354,0.21443298969072164,6.966689912595354
1529,69,8.965131595944653,0.21443298969072164,8.965131595944653
1529,81,7.0756394230027695,0.15051546391752577,7.0756394230027695
1530,35,7.047313646442351,0.15670103092783505,7.047313646442351
1530,93,8.686429641499299,0.27010309278350514,8.686429641499299
1531,94,9.725792599572772,0.21237113402061855,9.725792599572772
1531,9,9.332830912564749,0.20412371134020618,9.332830912564749
1532,28,8.48570764464215,0.18556701030927836,8.48570764464215
1532,47,9.759465451512808,0.177319587628866,9.759465451512808
1533,36,9.232004041115376,0.20412371134020618,9.232004041115376
1533,4,8.482880887869994,0.2329896907216495,8.482880887869994
1534,80,9.356676108954058,0.1979381443298969,9.356676108954058
1534,4,8.479712665335306,0.18144329896907216,8.479712665335306
1535,81,8.50211801361854,0.1463917525773196,8.50211801361854
1535,18,7.898491728322088,0.1670103092783505,7.898491728322088
1536,1,9.152404130624754,0.14432989690721648,9.152404130624754
1536,55,6.152132760541781,0.2268041237113402,6.152132760541781
1537,1,9.235031720059991,0.22474226804123712,9.235031720059991
1537,2,9.37383553610388,0.18144329896907216,9.37383553610388
1538,79,8.86580184508778,0.20412371134020618,8.86580184508778
1538,2,7.520756038797917,0.1670103092783505,7.520756038797917
1539,32,7.853173672501612,0.21649484536082475,7.853173672501612
1539,68,7.984412975758534,0.2597938144329897,7.984412975758534
1540,57,9.46482934863275,0.1958762886597938,9.46482934863275
1540,6,7.822374151810348,0.21030927835051547,7.822374151810348
1541,6,7.525983485086075,0.17525773195876287,7.525983485086075
1541,44,8.857330569864025,0.19381443298969073,8.857330569864025
1542,35,8.788970442656893,0.1958762886597938,8.788970442656893
1542,44,9.351338936831269,0.18969072164948453,9.351338936831269
1543,55,9.427848777325977,0.2288659793814433,9.427848777325977
1543,74,9.205656922229478,0.20824742268041238,9.205656922229478
1544,30,7.731168275124806,0.19175257731958764,7.731168275124806
1544,84,8.664163029541028,0.24329896907216494,8.664163029541028
1545,10,7.5769938625491795,0.13814432989690723,7.5769938625491795
1545,57,8.312142457733787,0.18969072164948453,8.312142457733787
1546,24,9.04456663012875,0.20618556701030927,9.04456663012875
1546,5,9.703162235352274,0.2721649484536082,9.703162235352274
1547,82,9.715739504101032,0.20824742268041238,9.715739504101032
1547,90,8.669146178792955,0.21237113402061855,8.669146178792955
1548,6,9.671361021389528,0.20412371134020618,9.671361021389528
1548,80,7.662691511335305,0.15876288659793814,7.662691511335305
1549,48,9.539242732932212,0.23505154639175257,9.539242732932212
1549,55,9.437282756065956,0.1979381443298969,9.437282756065956
1550,93,9.69100913233077,0.2,9.69100913233077
1550,53,7.990317344372901,0.20412371134020618,7.990317344372901
1551,2,6.289292229608303,0.1731958762886598,6.289292229608303
1551,86,8.841436529299477,0.21649484536082475,8.841436529299477
1552,18,9.24846731576697,0.2268041237113402,9.24846731576697
1552,79,8.395865586650391,0.27422680412371137,8.395865586650391
1553,80,8.873582364986794,0.2,8.873582364986794
1553,43,8.692979215452638,0.2268041237113402,8.692979215452638
1554,53,8.695429178927037,0.21237113402061855,8.695429178927037
1554,58,9.208654667134056,0.22061855670103092,9.208654667134056
1555,27,8.54692641542379,0.20618556701030927,8.54692641542379
1555,53,8.733708077187126,0.24123711340206186,8.733708077187126
1556,69,9.631669451915322,0.19381443298969073,9.631669451915322
1556,95,9.500096041358475,0.18350515463917524,9.500096041358475
1557,32,6.521172821415967,0.18350515463917524,6.521172821415967
1557,49,8.194723731475419,0.20618556701030927,8.194723731475419
1558,27,7.3944171838570485,0.2556701030927835,7.3944171838570485
1558,90,9.000564962801828,0.22061855670103092,9.000564962801828
1559,99,9.52730408955985,0.22268041237113403,9.52730408955985
1559,19,9.796697432350149,0.177319587628866,9.796697432350149
1560,27,8.794524541101914,0.20412371134020618,8.794524541101914
1560,67,8.765143341847294,0.18762886597938144,8.765143341847294
1561,4,9.504348618768772,0.18350515463917524,9.504348618768772
1561,84,8.513728901561423,0.23917525773195877,8.513728901561423
1562,60,8.73439339634577,0.23505154639175257,8.73439339634577
1562,78,9.196141028933082,0.20618556701030927,9.196141028933082
1563,67,8.35711389120632,0.21030927835051547,8.35711389120632
1563,97,9.165908551345764,0.21030927835051547,9.165908551345764
1564,32,9.91061279127784,0.19175257731958764,9.91061279127784
1564,24,7.8061831179978185,0.17525773195876287,7.8061831179978185
1565,44,8.860601524243174,0.2536082474226804,8.860601524243174
1565,33,8.835258803222755,0.177319587628866,8.835258803222755
1566,51,8.993060617056907,0.2309278350515464,8.993060617056907
1566,4,9.083900325761636,0.19381443298969073,9.083900325761636
1567,18,9.811753793309759,0.2288659793814433,9.811753793309759
1567,38,9.311248561518827,0.2020618556701031,9.311248561518827
1568,86,9.266304848372274,0.2288659793814433,9.266304848372274
1568,95,10.023238171991636,0.1670103092783505,10.023238171991636
1569,28,7.4770066777571635,0.16907216494845362,7.4770066777571635
1569,23,8.48076263649767,0.21649484536082475,8.48076263649767
1570,61,7.8995080745514406,0.24948453608247423,7.8995080745514406
1570,9,8.906179008221544,0.2556701030927835,8.906179008221544
1571,68,9.372714592750915,0.25773195876288657,9.372714592750915
1571,35,8.801169728175477,0.20618556701030927,8.801169728175477
1572,14,9.001882571678212,0.24536082474226803,9.001882571678212
1572,62,9.61714787261087,0.18969072164948453,9.61714787261087
1573,67,8.903723993546436,0.2268041237113402,8.903723993546436
1573,44,8.30805550412718,0.2309278350515464,8.30805550412718
1574,28,8.40060246200487,0.27422680412371137,8.40060246200487
1574,25,8.844632955325219,0.2,8.844632955325219
1575,49,9.634075536162463,0.2,9.634075536162463
1575,36,9.332860952476436,0.2804123711340206,9.332860952476436
1576,25,8.95215963611402,0.2,8.95215963611402
1576,9,9.304169667519657,0.2020618556701031,9.304169667519657
1577,24,8.936753691987468,0.2020618556701031,8.936753691987468
1577,63,8.211888893278967,0.24329896907216494,8.211888893278967
1578,14,9.82937406224804,0.15670103092783505,9.82937406224804
1578,39,9.073643376378163,0.20412371134020618,9.073643376378163
1579,30,8.609240573761427,0.15257731958762888,8.609240573761427
1579,44,8.603127418712033,0.2329896907216495,8.603127418712033
1580,15,8.33561950760576,0.1958762886597938,8.33561950760576
1580,45,8.624974214060371,0.21855670103092784,8.624974214060371
1581,84,9.83980793931667,0.2329896907216495,9.83980793931667
1581,53,7.901381259941182,0.16494845360824742,7.901381259941182
1582,57,8.584529530549904,0.21649484536082475,8.584529530549904
1582,30,8.85489811668967,0.20618556701030927,8.85489811668967
1583,70,8.424541124257251,0.20824742268041238,8.424541124257251
1583,48,8.990035284788291,0.2824742268041237,8.990035284788291
1584,60,8.739267512278817,0.2329896907216495,8.739267512278817
1584,33,9.34598382789744,0.22474226804123712,9.34598382789744
1585,23,8.564953914463421,0.24536082474226803,8.564953914463421
1585,11,9.604756206177383,0.2,9.604756206177383
1586,28,9.498432459763919,0.18556701030927836,9.498432459763919
1586,78,7.684396742846703,0.18144329896907216,7.684396742846703
1587,8,9.50264255104455,0.23711340206185566,9.50264255104455
1587,38,9.149990937874094,0.1958762886597938,9.149990937874094
1588,44,8.35959952713698,0.1958762886597938,8.35959952713698
1588,35,9.432498570522023,0.20824742268041238,9.432498570522023
1589,90,9.360480398406837,0.21443298969072164,9.360480398406837
1589,28,8.53245284676481,0.28865979381443296,8.53245284676481
1590,35,9.09775354751928,0.24536082474226803,9.09775354751928
1590,76,8.32822750421653,0.1670103092783505,8.32822750421653
1591,24,8.312648737995449,0.14845360824742268,8.312648737995449
1591,86,8.976419442022834,0.24948453608247423,8.976419442022834
1592,15,9.129909190396369,0.17938144329896907,9.129909190396369
1592,67,9.143872418572654,0.2329896907216495,9.143872418572654
1593,80,9.208571595540867,0.24123711340206186,9.208571595540867
1593,4,7.442421369930989,0.16494845360824742,7.442421369930989
1594,24,8.808466634090115,0.2288659793814433,8.808466634090115
1594,76,8.792552586085383,0.22268041237113403,8.792552586085383
1595,99,9.066947287752221,0.20824742268041238,9.066947287752221
1595,93,8.48525395279244,0.20618556701030927,8.48525395279244
1596,48,8.600751962669003,0.18350515463917524,8.600751962669003
1596,38,9.683551167107291,0.18762886597938144,9.683551167107291
1597,79,8.7280343629284,0.21855670103092784,8.7280343629284
1597,76,8.509462953026144,0.20618556701030927,8.509462953026144
1598,76,8.853714546193524,0.23711340206185566,8.853714546193524
1598,58,9.272534167889587,0.18350515463917524,9.272534167889587
1599,23,8.707408306597411,0.23505154639175257,8.707408306597411
1599,79,7.401470742762365,0.177319587628866,7.401470742762365
1600,78,9.231977462219096,0.18144329896907216,9.231977462219096
1600,80,8.013927274058505,0.2,8.013927274058505
1601,4,8.65026698754847,0.1958762886597938,8.65026698754847
1601,53,9.685579828640615,0.15670103092783505,9.685579828640615
1602,81,7.5765929220976265,0.22268041237113403,7.5765929220976265
1602,30,9.124871966528893,0.24742268041237114,9.124871966528893
1603,57,9.578546238233029,0.18969072164948453,9.578546238233029
1603,76,9.20335079170728,0.21443298969072164,9.20335079170728
1604,78,8.25647102777501,0.19175257731958764,8.25647102777501
1604,8,9.174120532585492,0.22474226804123712,9.174120532585492
1605,99,9.11581850528396,0.21855670103092784,9.11581850528396
1605,58,9.357741746238894,0.19381443298969073,9.357741746238894
1606,60,7.63199375948119,0.15670103092783505,7.63199375948119
1606,33,7.148485345826011,0.1670103092783505,7.148485345826011
1607,80,7.884495679175311,0.15257731958762888,7.884495679175311
1607,70,7.652241398112407,0.16288659793814433,7.652241398112407
1608,79,9.471366572897972,0.21443298969072164,9.471366572897972
1608,6,9.134914870691645,0.21237113402061855,9.134914870691645
1609,78,9.8429057650068,0.17525773195876287,9.8429057650068
1609,28,9.04286191458172,0.21649484536082475,9.04286191458172
1610,15,8.282448373830029,0.23711340206185566,8.282448373830029
1610,36,6.790832472278105,0.15051546391752577,6.790832472278105
1611,74,9.059006266563788,0.17938144329896907,9.059006266563788
1611,12,8.657203268678675,0.29896907216494845,8.657203268678675
1612,5,8.600182900376568,0.18350515463917524,8.600182900376568
1612,92,10.031179825924546,0.12989690721649486,10.031179825924546
1613,74,8.84048949148205,0.22474226804123712,8.84048949148205
1613,46,8.718049269489088,0.21649484536082475,8.718049269489088
1614,23,9.430990590029474,0.20412371134020618,9.430990590029474
1614,99,7.620323153045955,0.18350515463917524,7.620323153045955
1615,99,9.19236646529572,0.23917525773195877,9.19236646529572
1615,6,9.411886422529319,0.18350515463917524,9.411886422529319
1616,45,8.885558579667656,0.23711340206185566,8.885558579667656
1616,79,8.421542376658259,0.18144329896907216,8.421542376658259
1617,61,8.120752668062275,0.17938144329896907,8.120752668062275
1617,79,9.128053608093936,0.16907216494845362,9.128053608093936
1618,61,6.711919090390962,0.2556701030927835,6.711919090390962
1618,39,7.129018762196365,0.2,7.129018762196365
1619,2,9.425784245863623,0.20412371134020618,9.425784245863623
1619,97,8.397809774443976,0.18144329896907216,8.397809774443976
1620,80,8.6615775224444,0.177319587628866,8.6615775224444
1620,24,9.482644083621201,0.21649484536082475,9.482644083621201
1621,63,8.644831789725544,0.2907216494845361,8.644831789725544
1621,27,9.804662203408325,0.21030927835051547,9.804662203408325
1622,36,9.353646152142183,0.22268041237113403,9.353646152142183
1622,5,9.073045408646584,0.1979381443298969,9.073045408646584
1623,33,9.334815721799279,0.23505154639175257,9.334815721799279
1623,74,8.412587535883024,0.21443298969072164,8.412587535883024
1624,35,7.800218790149246,0.26804123711340205,7.800218790149246
1624,1,7.054223135834529,0.19381443298969073,7.054223135834529
1625,15,8.284106113538272,0.18556701030927836,8.284106113538272
1625,80,9.329388898532903,0.2268041237113402,9.329388898532903
1626,97,9.123675803141865,0.2020618556701031,9.123675803141865
1626,58,9.24454174105512,0.18556701030927836,9.24454174105512
1627,10,8.537452264756752,0.1979381443298969,8.537452264756752
1627,98,9.36631026760715,0.1958762886597938,9.36631026760715
1628,70,8.797978793815542,0.1979381443298969,8.797978793815542
1628,48,9.47804897370454,0.23917525773195877,9.47804897370454
1629,46,7.820326196714523,0.2927835051546392,7.820326196714523
1629,36,9.115980596282839,0.24536082474226803,9.115980596282839
1630,30,8.987521674992232,0.23711340206185566,8.987521674992232
1630,58,8.489704427804734,0.2536082474226804,8.489704427804734
1631,63,9.592954797453958,0.22474226804123712,9.592954797453958
1631,80,6.992941317437419,0.16494845360824742,6.992941317437419
1632,46,8.646595627188203,0.17938144329896907,8.646595627188203
1632,98,9.102887081971268,0.27010309278350514,9.102887081971268
1633,5,8.620949476994241,0.22061855670103092,8.620949476994241
1633,23,8.465060215019111,0.19381443298969073,8.465060215019111
1634,24,9.71375502921515,0.2,9.71375502921515
1634,38,9.457394042279216,0.2268041237113402,9.457394042279216
1635,81,9.25370075897373,0.21855670103092784,9.25370075897373
1635,23,9.176901850419041,0.18144329896907216,9.176901850419041
1636,58,9.512146498515872,0.20618556701030927,9.512146498515872
1636,48,9.159797174497362,0.2020618556701031,9.159797174497362
1637,71,9.08276783590722,0.2268041237113402,9.08276783590722
1637,81,8.380999262828725,0.15051546391752577,8.380999262828725
1638,61,9.019454710748686,0.17938144329896907,9.019454710748686
1638,23,6.490987194152617,0.1731958762886598,6.490987194152617
1639,15,9.683438794968534,0.24329896907216494,9.683438794968534
1639,13,8.683715025574337,0.3463917525773196,8.683715025574337
1640,25,9.166028363435647,0.22061855670103092,9.166028363435647
1640,8,7.0738575806152015,0.21237113402061855,7.0738575806152015
1641,9,7.596965539285503,0.1670103092783505,7.596965539285503
1641,68,8.333471507237364,0.21855670103092784,8.333471507237364
1642,44,9.282245357667417,0.177319587628866,9.282245357667417
1642,86,8.99135359831925,0.23505154639175257,8.99135359831925
1643,86,9.339167047887056,0.20412371134020618,9.339167047887056
1643,41,8.156050669973977,0.1422680412371134,8.156050669973977
1644,23,8.889013541638041,0.19175257731958764,8.889013541638041
1644,6,8.146143008973864,0.2309278350515464,8.146143008973864
1645,46,6.3938483076843875,0.1360824742268041,6.3938483076843875
1645,51,7.725364403020019,0.1711340206185567,7.725364403020019
1646,46,7.528793666582318,0.18969072164948453,7.528793666582318
1646,59,9.874838701488615,0.19175257731958764,9.874838701488615
1647,97,7.997768081541875,0.1958762886597938,7.997768081541875
1647,67,9.140903910755002,0.19175257731958764,9.140903910755002
1648,93,8.566277210563923,0.22061855670103092,8.566277210563923
1648,5,8.493097908296003,0.1958762886597938,8.493097908296003
1649,9,8.417867982074306,0.2329896907216495,8.417867982074306
1649,50,7.543377725960712,0.20824742268041238,7.543377725960712
1650,10,9.440065397087608,0.1958762886597938,9.440065397087608
1650,43,7.116708464008491,0.23917525773195877,7.116708464008491
1651,12,6.994924388771387,0.17938144329896907,6.994924388771387
1651,79,9.38279962873723,0.18762886597938144,9.38279962873723
1652,4,8.997208124449319,0.21237113402061855,8.997208124449319
1652,45,8.952502295969754,0.2536082474226804,8.952502295969754
1653,1,7.9549699383802,0.18350515463917524,7.9549699383802
1653,61,8.840595558390548,0.21443298969072164,8.840595558390548
1654,76,7.95697851115422,0.13195876288659794,7.95697851115422
1654,63,8.946427532537644,0.1360824742268041,8.946427532537644
1655,8,8.905013175831284,0.22268041237113403,8.905013175831284
1655,48,9.365917160268474,0.24536082474226803,9.365917160268474
1656,93,10.079201388413278,0.21237113402061855,10.079201388413278
1656,48,9.380701958052102,0.20412371134020618,9.380701958052102
1657,90,5.470982422161715,0.15670103092783505,5.470982422161715
1657,38,7.003427735655431,0.20412371134020618,7.003427735655431
1658,80,9.358010853172235,0.22268041237113403,9.358010853172235
1658,1,8.855916047561553,0.20824742268041238,8.855916047561553
1659,43,9.718208550315191,0.1979381443298969,9.718208550315191
1659,51,9.4058327399189,0.18969072164948453,9.4058327399189
1660,12,8.543288081467447,0.24329896907216494,8.543288081467447
1660,60,7.56991719322267,0.22474226804123712,7.56991719322267
1661,35,7.826179124334983,0.22061855670103092,7.826179124334983
1661,23,9.284154301821683,0.2329896907216495,9.284154301821683
1662,68,9.154142289449274,0.18556701030927836,9.154142289449274
1662,8,9.255907062522619,0.17938144329896907,9.255907062522619
1663,6,9.073645896198336,0.18556701030927836,9.073645896198336
1663,68,6.340132009046988,0.2329896907216495,6.340132009046988
1664,60,9.353463748254752,0.2020618556701031,9.353463748254752
1664,9,8.946468287828324,0.21649484536082475,8.946468287828324
1665,45,9.393733505490276,0.23505154639175257,9.393733505490276
1665,40,9.593855042716367,0.1979381443298969,9.593855042716367
1666,35,7.785163692253887,0.2268041237113402,7.785163692253887
1666,70,9.249713828235917,0.21855670103092784,9.249713828235917
1667,35,8.010448348297642,0.1711340206185567,8.010448348297642
1667,51,9.662482433993056,0.2,9.662482433993056
1668,30,9.056860443288562,0.2618556701030928,9.056860443288562
1668,8,8.020047360149922,0.1731958762886598,8.020047360149922
1669,5,9.01827415733836,0.2309278350515464,9.01827415733836
1669,44,8.854551047542731,0.2288659793814433,8.854551047542731
1670,44,8.402152534154377,0.21855670103092784,8.402152534154377
1670,73,4.970631347576474,0.08453608247422681,4.970631347576474
1671,73,7.263694580667966,0.18556701030927836,7.263694580667966
1671,4,9.560274425579367,0.2020618556701031,9.560274425579367
1672,68,7.909477272512564,0.22061855670103092,7.909477272512564
1672,98,8.555167659944543,0.23505154639175257,8.555167659944543
1673,25,8.352500103884207,0.22474226804123712,8.352500103884207
1673,2,7.2257662742424165,0.1670103092783505,7.2257662742424165
1674,90,8.582078319705058,0.20824742268041238,8.582078319705058
1674,2,9.868250401951503,0.21855670103092784,9.868250401951503
1675,67,9.526159106525657,0.21237113402061855,9.526159106525657
1675,45,6.38877311091974,0.14845360824742268,6.38877311091974
1676,46,8.852813724094379,0.17938144329896907,8.852813724094379
1676,23,9.5989822337629,0.22268041237113403,9.5989822337629
1677,45,9.053218447427247,0.22061855670103092,9.053218447427247
1677,68,8.709678771657787,0.18969072164948453,8.709678771657787
1678,81,7.891467680984372,0.17525773195876287,7.891467680984372
1678,28,8.792034087725796,0.17938144329896907,8.792034087725796
1679,5,7.834822954166331,0.2020618556701031,7.834822954166331
1679,37,9.351308383104165,0.19381443298969073,9.351308383104165
1680,61,9.376831913376323,0.21855670103092784,9.376831913376323
1680,30,9.29118742578889,0.27628865979381445,9.29118742578889
1681,39,9.643595367519984,0.2020618556701031,9.643595367519984
1681,12,9.140830448091561,0.21237113402061855,9.140830448091561
1682,35,8.457259672169906,0.22268041237113403,8.457259672169906
1682,8,8.48919336001468,0.23917525773195877,8.48919336001468
1683,62,9.73970457581909,0.1958762886597938,9.73970457581909
1683,69,9.084594821467393,0.24123711340206186,9.084594821467393
1684,57,9.561779269398881,0.2309278350515464,9.561779269398881
1684,83,9.161217040092243,0.1463917525773196,9.161217040092243
1685,5,8.403258877619663,0.2721649484536082,8.403258877619663
1685,57,8.637429565351058,0.25773195876288657,8.637429565351058
1686,50,8.729135900010876,0.20412371134020618,8.729135900010876
1686,69,9.018153459551414,0.2288659793814433,9.018153459551414
1687,1,8.954791551411864,0.18144329896907216,8.954791551411864
1687,55,9.669399748038053,0.20412371134020618,9.669399748038053
1688,5,9.258127461841317,0.22268041237113403,9.258127461841317
1688,90,8.2403415711559,0.21030927835051547,8.2403415711559
1689,6,7.745219168848272,0.16494845360824742,7.745219168848272
1689,48,6.232152080549343,0.2,6.232152080549343
1690,13,9.315219883777688,0.2597938144329897,9.315219883777688
1690,10,9.612922370008867,0.1979381443298969,9.612922370008867
1691,1,8.626443052564484,0.23505154639175257,8.626443052564484
1691,45,8.703773671259329,0.2639175257731959,8.703773671259329
1692,44,7.225094177028957,0.2556701030927835,7.225094177028957
1692,7,9.218777863697904,0.2268041237113402,9.218777863697904
1693,25,9.43406432498101,0.19381443298969073,9.43406432498101
1693,69,9.72937300147227,0.16907216494845362,9.72937300147227
1694,57,8.543825098890554,0.18144329896907216,8.543825098890554
1694,12,7.196875891027469,0.23917525773195877,7.196875891027469
1695,63,8.846570937884247,0.2536082474226804,8.846570937884247
1695,36,7.754018315761757,0.20824742268041238,7.754018315761757
1696,46,7.448707975558825,0.35051546391752575,7.448707975558825
1696,25,9.207081831889742,0.23505154639175257,9.207081831889742
1697,41,8.678203805849286,0.21030927835051547,8.678203805849286
1697,37,2.9918608873180044,0.1711340206185567,2.9918608873180044
1698,44,8.48090286458648,0.17938144329896907,8.48090286458648
1698,50,8.899671004632568,0.1958762886597938,8.899671004632568
1699,73,8.884305074149992,0.20824742268041238,8.884305074149992
1699,6,7.110142395270042,0.1711340206185567,7.110142395270042
1700,82,9.70218931189311,0.20824742268041238,9.70218931189311
1700,88,8.72982457519644,0.16082474226804125,8.72982457519644
1701,44,9.051424464063786,0.21855670103092784,9.051424464063786
1701,67,9.313577297389815,0.1958762886597938,9.313577297389815
1702,46,7.904883286076753,0.19381443298969073,7.904883286076753
1702,81,8.672032998705653,0.2309278350515464,8.672032998705653
1703,97,7.975282638725857,0.16494845360824742,7.975282638725857
1703,35,9.019359917437049,0.21649484536082475,9.019359917437049
1704,88,7.316270477057297,0.23917525773195877,7.316270477057297
1704,3,7.913706216010069,0.12371134020618557,7.913706216010069
1705,16,8.003085887631453,0.21030927835051547,8.003085887631453
1705,100,7.929768357418224,0.1958762886597938,7.929768357418224
1706,83,9.910524630989316,0.17938144329896907,9.910524630989316
1706,7,7.813755932721374,0.18762886597938144,7.813755932721374
1707,7,9.110327972965461,0.2804123711340206,9.110327972965461
1707,46,9.17402524350759,0.20412371134020618,9.17402524350759
1708,100,9.16967732663613,0.20824742268041238,9.16967732663613
1708,76,8.938224656570897,0.21649484536082475,8.938224656570897
1709,90,9.008021528959427,0.1979381443298969,9.008021528959427
1709,55,8.961777249847534,0.2309278350515464,8.961777249847534
1710,97,8.751155717695047,0.16288659793814433,8.751155717695047
1710,67,7.383553356909469,0.21855670103092784,7.383553356909469
1711,76,8.529306194239066,0.24742268041237114,8.529306194239066
1711,33,8.982513808717387,0.23711340206185566,8.982513808717387
1712,71,9.256501770531727,0.17938144329896907,9.256501770531727
1712,15,9.094675727113486,0.1979381443298969,9.094675727113486
1713,7,7.826619600623003,0.19381443298969073,7.826619600623003
1713,5,7.3589441951654315,0.18350515463917524,7.3589441951654315
1714,63,9.340068374376074,0.1731958762886598,9.340068374376074
1714,9,7.774793946845305,0.27422680412371137,7.774793946845305
1715,99,9.459815060632675,0.2907216494845361,9.459815060632675
1715,39,9.587123055359438,0.17938144329896907,9.587123055359438
1716,3,8.878268674608858,0.22474226804123712,8.878268674608858
1716,73,6.465316404672107,0.13402061855670103,6.465316404672107
1717,33,8.200181297487253,0.17938144329896907,8.200181297487253
1717,13,8.313341724522394,0.2268041237113402,8.313341724522394
1718,13,8.91778096150474,0.177319587628866,8.91778096150474
1718,79,9.537274685363906,0.21030927835051547,9.537274685363906
1719,9,8.42115942522576,0.1711340206185567,8.42115942522576
1719,8,6.811123234012228,0.19381443298969073,6.811123234012228
1720,3,8.924888579163012,0.21649484536082475,8.924888579163012
1720,39,8.34080825105246,0.17938144329896907,8.34080825105246
1721,8,9.120445300414788,0.24742268041237114,9.120445300414788
1721,15,9.567215173262444,0.18556701030927836,9.567215173262444
1722,88,9.155483731598427,0.19175257731958764,9.155483731598427
1722,9,8.732078923246265,0.24948453608247423,8.732078923246265
1723,7,5.236556310667217,0.16082474226804125,5.236556310667217
1723,88,8.198118960656148,0.22268041237113403,8.198118960656148
1724,98,8.05129565749928,0.24742268041237114,8.05129565749928
1724,71,7.674957876181031,0.21649484536082475,7.674957876181031
1725,68,8.736953006651143,0.19381443298969073,8.736953006651143
1725,97,8.977708228938374,0.23711340206185566,8.977708228938374
1726,48,9.349734423676356,0.2020618556701031,9.349734423676356
1726,73,9.17972973948371,0.24536082474226803,9.17972973948371
1727,98,9.010910805621359,0.18350515463917524,9.010910805621359
1727,88,9.257715915913927,0.20824742268041238,9.257715915913927
1728,12,7.954483812035989,0.1670103092783505,7.954483812035989
1728,68,7.344669173791122,0.1711340206185567,7.344669173791122
1729,67,8.186082520905332,0.2309278350515464,8.186082520905332
1729,16,6.9092180256207065,0.23917525773195877,6.9092180256207065
1730,16,7.744247627709244,0.1958762886597938,7.744247627709244
1730,38,9.198696555430795,0.2309278350515464,9.198696555430795
1731,5,9.522140395605064,0.1979381443298969,9.522140395605064
1731,55,9.26826774216931,0.21855670103092784,9.26826774216931
1732,12,8.600922352002106,0.2268041237113402,8.600922352002106
1732,53,9.391557029284039,0.2288659793814433,9.391557029284039
1733,8,9.420818942251303,0.18556701030927836,9.420818942251303
1733,63,7.365671080127876,0.18556701030927836,7.365671080127876
1734,71,9.73636029397417,0.21443298969072164,9.73636029397417
1734,73,7.943052543116581,0.1422680412371134,7.943052543116581
1735,46,8.702908487313858,0.2556701030927835,8.702908487313858
1735,60,8.234355361250797,0.44742268041237115,8.234355361250797
1736,41,9.149349604608174,0.2618556701030928,9.149349604608174
1736,3,8.469936431214894,0.20824742268041238,8.469936431214894
1737,6,7.696910585608908,0.2309278350515464,7.696910585608908
1737,8,8.560660836449276,0.2536082474226804,8.560660836449276
1738,12,7.859385507188405,0.14845360824742268,7.859385507188405
1738,90,9.324278110889773,0.1979381443298969,9.324278110889773
1739,9,6.244960994006154,0.16288659793814433,6.244960994006154
1739,50,5.747241167028006,0.22061855670103092,5.747241167028006
1740,37,9.081018200184907,0.21443298969072164,9.081018200184907
1740,8,8.528140073382115,0.1979381443298969,8.528140073382115
1741,41,7.839737279226762,0.2721649484536082,7.839737279226762
1741,53,8.013880791613234,0.20412371134020618,8.013880791613234
1742,6,9.163722439517386,0.19175257731958764,9.163722439517386
1742,90,8.76251646628435,0.2288659793814433,8.76251646628435
1743,3,8.185386017205323,0.20412371134020618,8.185386017205323
1743,8,7.521053391675796,0.1670103092783505,7.521053391675796
1744,50,8.417266788258988,0.15257731958762888,8.417266788258988
1744,60,8.802160142891625,0.2536082474226804,8.802160142891625
1745,68,9.09579000805986,0.1731958762886598,9.09579000805986
1745,6,3.156952589220274,0.17938144329896907,3.156952589220274
1746,50,7.5227500235198805,0.1958762886597938,7.5227500235198805
1746,28,9.513151668596265,0.2,9.513151668596265
1747,39,8.726754774198913,0.22061855670103092,8.726754774198913
1747,57,7.1982617171891325,0.22268041237113403,7.1982617171891325
1748,68,9.402709281458728,0.22061855670103092,9.402709281458728
1748,55,9.144439488061858,0.18144329896907216,9.144439488061858
1749,28,8.50402872113645,0.20412371134020618,8.50402872113645
1749,11,9.195313093996823,0.1670103092783505,9.195313093996823
1750,45,8.747136948373562,0.22474226804123712,8.747136948373562
1750,48,9.340383668106712,0.26804123711340205,9.340383668106712
1751,63,8.580739813731732,0.21443298969072164,8.580739813731732
1751,48,9.124822203559368,0.18144329896907216,9.124822203559368
1752,97,9.04014709593078,0.21443298969072164,9.04014709593078
1752,38,8.374171660782826,0.1979381443298969,8.374171660782826
1753,41,7.4591576784670615,0.13195876288659794,7.4591576784670615
1753,13,4.771296067096256,0.1731958762886598,4.771296067096256
1754,73,7.493478333262837,0.2618556701030928,7.493478333262837
1754,97,8.634962260625228,0.1979381443298969,8.634962260625228
1755,80,8.927570488145015,0.21649484536082475,8.927570488145015
1755,64,8.637045315645517,0.24536082474226803,8.637045315645517
1756,64,9.813597156371717,0.17938144329896907,9.813597156371717
1756,44,9.042718846453022,0.1711340206185567,9.042718846453022
1757,6,8.48122973418218,0.27010309278350514,8.48122973418218
1757,13,8.166157246213688,0.23917525773195877,8.166157246213688
1758,90,8.642636862484432,0.21237113402061855,8.642636862484432
1758,5,8.959205609249274,0.24329896907216494,8.959205609249274
1759,7,9.541635225101214,0.2268041237113402,9.541635225101214
1759,99,9.358938300945116,0.1958762886597938,9.358938300945116
1760,1,8.658819954470227,0.22474226804123712,8.658819954470227
1760,79,8.011290495779559,0.15463917525773196,8.011290495779559
1761,57,9.62572646212751,0.1958762886597938,9.62572646212751
1761,80,8.971389194727582,0.22268041237113403,8.971389194727582
1762,41,8.394837330516856,0.1958762886597938,8.394837330516856
1762,16,9.70701515674646,0.21649484536082475,9.70701515674646
1763,1,8.58174755483545,0.21649484536082475,8.58174755483545
1763,48,7.800069397016226,0.1422680412371134,7.800069397016226
1764,44,7.708772264982744,0.15257731958762888,7.708772264982744
1764,94,7.005555758743707,0.21237113402061855,7.005555758743707
1765,76,9.150878114650926,0.2268041237113402,9.150878114650926
1765,1,9.666818094934111,0.1958762886597938,9.666818094934111
1766,90,8.893556579550186,0.21649484536082475,8.893556579550186
1766,40,9.622822312030411,0.19381443298969073,9.622822312030411
1767,34,9.291097475741557,0.19175257731958764,9.291097475741557
1767,78,9.204891620194028,0.2268041237113402,9.204891620194028
1768,44,9.244691348381536,0.2865979381443299,9.244691348381536
1768,38,9.589096399478978,0.2268041237113402,9.589096399478978
1769,60,7.866590162996901,0.1979381443298969,7.866590162996901
1769,98,9.09369663255214,0.2,9.09369663255214
1770,3,8.494986845573123,0.19381443298969073,8.494986845573123
1770,81,9.201159485599822,0.18144329896907216,9.201159485599822
1771,3,6.864941345095437,0.1463917525773196,6.864941345095437
1771,97,9.716863078635722,0.2,9.716863078635722
1772,90,9.906654555561996,0.18969072164948453,9.906654555561996
1772,11,7.743558997480598,0.22268041237113403,7.743558997480598
1773,3,8.135741414235657,0.17938144329896907,8.135741414235657
1773,79,8.93127675717942,0.20412371134020618,8.93127675717942
1774,9,9.046237269984273,0.17938144329896907,9.046237269984273
1774,8,6.072767892107926,0.16288659793814433,6.072767892107926
1775,74,9.924938403788518,0.19381443298969073,9.924938403788518
1775,45,9.249714829476176,0.22474226804123712,9.249714829476176
1776,48,9.431881865947842,0.1958762886597938,9.431881865947842
1776,67,10.010649678249498,0.177319587628866,10.010649678249498
1777,4,7.489024001839123,0.23711340206185566,7.489024001839123
1777,69,8.699630359951552,0.20412371134020618,8.699630359951552
1778,12,8.784421713652227,0.20412371134020618,8.784421713652227
1778,68,8.872846574567673,0.2020618556701031,8.872846574567673
1779,73,5.8234581995890204,0.23711340206185566,5.8234581995890204
1779,11,8.818741390015514,0.2268041237113402,8.818741390015514
1780,77,9.423164376990078,0.20824742268041238,9.423164376990078
1780,40,9.42687295229281,0.2515463917525773,9.42687295229281
1781,8,9.937664912602944,0.18762886597938144,9.937664912602944
1781,4,7.417059957566491,0.18556701030927836,7.417059957566491
1782,80,8.725225378659383,0.2556701030927835,8.725225378659383
1782,25,9.138006324573333,0.20824742268041238,9.138006324573333
1783,37,8.821506240896227,0.23505154639175257,8.821506240896227
1783,99,9.337051388716683,0.2721649484536082,9.337051388716683
1784,41,6.91581380605188,0.15051546391752577,6.91581380605188
1784,100,9.6137220703835,0.22061855670103092,9.6137220703835
1785,28,8.627889167492654,0.2536082474226804,8.627889167492654
1785,11,9.669928530020123,0.22268041237113403,9.669928530020123
1786,3,9.212927925492242,0.2288659793814433,9.212927925492242
1786,55,7.150282402066662,0.15257731958762888,7.150282402066662
1787,6,9.284665468430806,0.18556701030927836,9.284665468430806
1787,80,9.063991230515194,0.17525773195876287,9.063991230515194
1788,13,8.214552005543453,0.21649484536082475,8.214552005543453
1788,39,8.905076655847184,0.18144329896907216,8.905076655847184
1789,34,8.92899229076724,0.19175257731958764,8.92899229076724
1789,40,9.112675178962304,0.2907216494845361,9.112675178962304
1790,3,9.454615700397126,0.26597938144329897,9.454615700397126
1790,6,8.157393619772348,0.1979381443298969,8.157393619772348
1791,4,9.353833876068352,0.21237113402061855,9.353833876068352
1791,86,8.868139228822152,0.18556701030927836,8.868139228822152
1792,73,9.321273817733042,0.22268041237113403,9.321273817733042
1792,38,9.182240055988446,0.18556701030927836,9.182240055988446
1793,69,8.803805069384023,0.17938144329896907,8.803805069384023
1793,86,7.726734359050372,0.19381443298969073,7.726734359050372
1794,34,9.27222857795432,0.1670103092783505,9.27222857795432
1794,58,8.474925439538037,0.20824742268041238,8.474925439538037
1795,33,8.721731194031209,0.21237113402061855,8.721731194031209
1795,12,8.436168904537965,0.22268041237113403,8.436168904537965
1796,13,8.306047756720364,0.18762886597938144,8.306047756720364
1796,28,9.75225187064604,0.20618556701030927,9.75225187064604
1797,37,9.336806429129272,0.18762886597938144,9.336806429129272
1797,39,8.955371913384322,0.21649484536082475,8.955371913384322
1798,33,10.010490442289736,0.19381443298969073,10.010490442289736
1798,76,6.7847605209457456,0.22474226804123712,6.7847605209457456
1799,94,7.054208077289766,0.22061855670103092,7.054208077289766
1799,98,7.82087748146349,0.18762886597938144,7.82087748146349
1800,55,9.310560923778127,0.16907216494845362,9.310560923778127
1800,6,8.965030946919406,0.21443298969072164,8.965030946919406
1801,10,9.466209430396013,0.16288659793814433,9.466209430396013
1801,57,8.822808836222304,0.20412371134020618,8.822808836222304
1802,60,7.731536588410223,0.17938144329896907,7.731536588410223
1802,12,9.326629739835614,0.2865979381443299,9.326629739835614
1803,76,9.76558884125118,0.18556701030927836,9.76558884125118
1803,34,8.843370540171334,0.2329896907216495,8.843370540171334
1804,9,8.544264741831352,0.22061855670103092,8.544264741831352
1804,80,7.457010720309578,0.19381443298969073,7.457010720309578
1805,38,9.943006608473,0.16288659793814433,9.943006608473
1805,55,6.723703396564686,0.1711340206185567,6.723703396564686
1806,41,10.144180445515445,0.16907216494845362,10.144180445515445
1806,58,8.661318053449632,0.21237113402061855,8.661318053449632
1807,58,8.757575939263866,0.21649484536082475,8.757575939263866
1807,23,7.583448339859409,0.18350515463917524,7.583448339859409
1808,60,6.365936171510236,0.2288659793814433,6.365936171510236
1808,70,7.7223262660223755,0.2268041237113402,7.7223262660223755
1809,60,8.568514102690873,0.23505154639175257,8.568514102690873
1809,86,8.521061696514888,0.20412371134020618,8.521061696514888
1810,39,7.323576719509124,0.20412371134020618,7.323576719509124
1810,11,9.442763477885435,0.20618556701030927,9.442763477885435
1811,80,9.462849940046869,0.18969072164948453,9.462849940046869
1811,98,8.777990525660531,0.21855670103092784,8.777990525660531
1812,58,8.889082677029952,0.2536082474226804,8.889082677029952
1812,47,9.475043723446648,0.17525773195876287,9.475043723446648
1813,55,7.6132986593304155,0.19175257731958764,7.6132986593304155
1813,61,8.246649453605109,0.24329896907216494,8.246649453605109
1814,55,9.397800027757802,0.27010309278350514,9.397800027757802
1814,61,9.272078537465507,0.23711340206185566,9.272078537465507
1815,88,9.253004891008187,0.2288659793814433,9.253004891008187
1815,7,7.401101667728406,0.17525773195876287,7.401101667728406
1816,81,8.917292645132788,0.16082474226804125,8.917292645132788
1816,45,8.402409553172646,0.18556701030927836,8.402409553172646
1817,3,7.966477485070444,0.19381443298969073,7.966477485070444
1817,47,8.910629966124839,0.1670103092783505,8.910629966124839
1818,3,6.513395058973186,0.17525773195876287,6.513395058973186
1818,51,8.3413503197795,0.15463917525773196,8.3413503197795
1819,45,7.274867128416524,0.2020618556701031,7.274867128416524
1819,62,7.4581147674123285,0.20412371134020618,7.4581147674123285
1820,3,9.087607577227601,0.19175257731958764,9.087607577227601
1820,63,9.326261491162109,0.15257731958762888,9.326261491162109
1821,30,9.331502540278448,0.25773195876288657,9.331502540278448
1821,71,8.9911997246089,0.27010309278350514,8.9911997246089
1822,39,10.137990107943054,0.1958762886597938,10.137990107943054
1822,53,9.214872199381182,0.2268041237113402,9.214872199381182
1823,49,7.4521729675212445,0.15051546391752577,7.4521729675212445
1823,17,6.161479528867765,0.1979381443298969,6.161479528867765
1824,60,7.0726985692098,0.4824742268041237,7.0726985692098
1824,81,8.787499977096058,0.24123711340206186,8.787499977096058
1825,45,10.088511099398728,0.15876288659793814,10.088511099398728
1825,34,9.067352866462668,0.24536082474226803,9.067352866462668
1826,86,9.079131651310172,0.20412371134020618,9.079131651310172
1826,9,9.42717823134499,0.18556701030927836,9.42717823134499
1827,5,9.012512049072509,0.1979381443298969,9.012512049072509
1827,37,8.960347282336796,0.2804123711340206,8.960347282336796
1828,17,9.714384283021422,0.19175257731958764,9.714384283021422
1828,7,8.351922482676416,0.1958762886597938,8.351922482676416
1829,9,7.909275297668348,0.18762886597938144,7.909275297668348
1829,11,9.08429556243732,0.1958762886597938,9.08429556243732
1830,13,8.432147253739899,0.18969072164948453,8.432147253739899
1830,19,9.330177817315603,0.25773195876288657,9.330177817315603
1831,50,9.949213142692418,0.177319587628866,9.949213142692418
1831,89,9.859838232242923,0.17938144329896907,9.859838232242923
1832,86,7.074331514107768,0.15670103092783505,7.074331514107768
1832,63,9.298498837304143,0.21030927835051547,9.298498837304143
1833,35,7.1561070370637925,0.15257731958762888,7.1561070370637925
1833,44,9.379001566994416,0.23505154639175257,9.379001566994416
1834,52,9.763765376918675,0.17938144329896907,9.763765376918675
1834,64,9.480858444624817,0.22268041237113403,9.480858444624817
1835,94,8.229047236712193,0.2288659793814433,8.229047236712193
1835,9,7.720304576201475,0.19381443298969073,7.720304576201475
1836,23,9.514774278803872,0.17938144329896907,9.514774278803872
1836,15,8.914686996857698,0.19381443298969073,8.914686996857698
1837,34,9.349222789178578,0.18969072164948453,9.349222789178578
1837,3,9.313876683950417,0.16907216494845362,9.313876683950417
1838,5,9.625445212627532,0.23505154639175257,9.625445212627532
1838,12,9.251662951167063,0.22268041237113403,9.251662951167063
1839,60,8.777151715919219,0.177319587628866,8.777151715919219
1839,36,4.774335855377585,0.1979381443298969,4.774335855377585
1840,35,9.263336638302716,0.22061855670103092,9.263336638302716
1840,16,9.08720300567766,0.20412371134020618,9.08720300567766
1841,94,9.046209010801823,0.22268041237113403,9.046209010801823
1841,60,8.737211190977511,0.2288659793814433,8.737211190977511
1842,46,9.4386123891104,0.19381443298969073,9.4386123891104
1842,6,8.463701091148742,0.17525773195876287,8.463701091148742
1843,60,8.24635541494366,0.20618556701030927,8.24635541494366
1843,71,9.788872942138637,0.17525773195876287,9.788872942138637
1844,81,7.891673173973979,0.1958762886597938,7.891673173973979
1844,85,8.368717153895282,0.18556701030927836,8.368717153895282
1845,4,6.5823612321594736,0.15051546391752577,6.5823612321594736
1845,64,8.451351949535908,0.24536082474226803,8.451351949535908
1846,15,8.3961319667655,0.21030927835051547,8.3961319667655
1846,53,9.737337189164046,0.2020618556701031,9.737337189164046
1847,58,9.522830961288289,0.1979381443298969,9.522830961288289
1847,30,7.780757647277912,0.1711340206185567,7.780757647277912
1848,16,8.127785414895069,0.177319587628866,8.127785414895069
1848,40,8.97836759623946,0.1731958762886598,8.97836759623946
1849,4,7.955033794484968,0.18969072164948453,7.955033794484968
1849,9,7.96395417968718,0.23505154639175257,7.96395417968718
1850,47,9.25825880576209,0.1958762886597938,9.25825880576209
1850,61,9.016444189175015,0.23917525773195877,9.016444189175015
1851,78,9.60879499453172,0.20412371134020618,9.60879499453172
1851,22,8.21811310896425,0.19175257731958764,8.21811310896425
1852,81,9.052481086934298,0.24536082474226803,9.052481086934298
1852,60,8.691311068083559,0.1979381443298969,8.691311068083559
1853,62,7.380420424161756,0.17525773195876287,7.380420424161756
1853,85,8.442886675375975,0.24536082474226803,8.442886675375975
1854,20,9.46225116004929,0.1979381443298969,9.46225116004929
1854,87,9.128984976944082,0.18144329896907216,9.128984976944082
1855,62,8.824584715302109,0.21649484536082475,8.824584715302109
1855,60,8.938690391397802,0.2288659793814433,8.938690391397802
1856,86,9.009149340646188,0.1979381443298969,9.009149340646188
1856,57,9.365150085650383,0.21030927835051547,9.365150085650383
1857,64,9.117305180229447,0.15463917525773196,9.117305180229447
1857,37,8.487803067812157,0.22061855670103092,8.487803067812157
1858,4,9.976690741135839,0.18350515463917524,9.976690741135839
1858,51,8.695316366445368,0.2639175257731959,8.695316366445368
1859,7,8.121380881950362,0.22474226804123712,8.121380881950362
1859,51,8.61333655167073,0.1958762886597938,8.61333655167073
1860,30,8.543980461326116,0.2,8.543980461326116
1860,51,7.736637178025664,0.1670103092783505,7.736637178025664
1861,69,8.702150549199152,0.19381443298969073,8.702150549199152
1861,80,8.351310773905086,0.21237113402061855,8.351310773905086
1862,30,8.919504432445699,0.2329896907216495,8.919504432445699
1862,98,8.623518738966274,0.17525773195876287,8.623518738966274
1863,15,7.960529495109774,0.18144329896907216,7.960529495109774
1863,81,8.350272758017422,0.1979381443298969,8.350272758017422
1864,98,9.128486831195337,0.20618556701030927,9.128486831195337
1864,30,8.498750782815993,0.18350515463917524,8.498750782815993
1865,49,5.887122823067071,0.2536082474226804,5.887122823067071
1865,30,7.096313058817417,0.21030927835051547,7.096313058817417
1866,9,9.850401295188528,0.1670103092783505,9.850401295188528
1866,98,9.096840701701575,0.23917525773195877,9.096840701701575
1867,6,9.415273781943506,0.20618556701030927,9.415273781943506
1867,99,7.72054046432203,0.17525773195876287,7.72054046432203
1868,30,9.789836408762154,0.18969072164948453,9.789836408762154
1868,87,9.352530152590402,0.21237113402061855,9.352530152590402
1869,46,8.716769240408508,0.18350515463917524,8.716769240408508
1869,31,9.49774415201162,0.19175257731958764,9.49774415201162
1870,68,9.90433192783099,0.20618556701030927,9.90433192783099
1870,32,9.632872185538572,0.24536082474226803,9.632872185538572
1871,99,9.075844205751538,0.24123711340206186,9.075844205751538
1871,69,10.11653042562509,0.1958762886597938,10.11653042562509
1872,46,8.425343285489115,0.21030927835051547,8.425343285489115
1872,25,8.52262710091202,0.12989690721649486,8.52262710091202
1873,30,8.68554910997962,0.15463917525773196,8.68554910997962
1873,66,9.248851662172873,0.177319587628866,9.248851662172873
1874,80,7.425025467553503,0.20618556701030927,7.425025467553503
1874,46,9.139530435375022,0.21855670103092784,9.139530435375022
1875,16,8.919117457592714,0.17525773195876287,8.919117457592714
1875,13,8.587181850006324,0.2556701030927835,8.587181850006324
1876,46,9.408711041831491,0.23711340206185566,9.408711041831491
1876,87,8.030755445555597,0.18144329896907216,8.030755445555597
1877,37,7.882615037823882,0.20618556701030927,7.882615037823882
1877,19,8.550246252918942,0.21030927835051547,8.550246252918942
1878,22,7.589907626032072,0.16907216494845362,7.589907626032072
1878,19,8.86555978001803,0.2,8.86555978001803
1879,70,8.753515968789769,0.19381443298969073,8.753515968789769
1879,7,7.368248155835107,0.1979381443298969,7.368248155835107
1880,85,8.36739806554854,0.20412371134020618,8.36739806554854
1880,77,9.232924010595418,0.24123711340206186,9.232924010595418
1881,49,8.25891277456645,0.18969072164948453,8.25891277456645
1881,70,8.820933883349834,0.21237113402061855,8.820933883349834
1882,37,8.984846241287606,0.20824742268041238,8.984846241287606
1882,31,9.351430068814725,0.17525773195876287,9.351430068814725
1883,40,8.840195140199938,0.1979381443298969,8.840195140199938
1883,58,8.491851554738796,0.27010309278350514,8.491851554738796
1884,16,9.710777457129055,0.24329896907216494,9.710777457129055
1884,77,9.760017018178731,0.24329896907216494,9.760017018178731
1885,80,9.054024113826564,0.2597938144329897,9.054024113826564
1885,25,8.731291136428325,0.21237113402061855,8.731291136428325
1886,70,9.655460125549034,0.17525773195876287,9.655460125549034
1886,99,8.976662273291105,0.23711340206185566,8.976662273291105
1887,81,9.386355520385052,0.18144329896907216,9.386355520385052
1887,78,8.863673924778787,0.1958762886597938,8.863673924778787
1888,35,9.448812529865835,0.18350515463917524,9.448812529865835
1888,23,9.026863752097888,0.2309278350515464,9.026863752097888
1889,7,9.496571639337734,0.16494845360824742,9.496571639337734
1889,85,9.107566381546636,0.19381443298969073,9.107566381546636
1890,86,9.484579486045691,0.23917525773195877,9.484579486045691
1890,61,9.81623793406238,0.18762886597938144,9.81623793406238
1891,80,8.706586947509994,0.21030927835051547,8.706586947509994
1891,17,8.141161413466373,0.18144329896907216,8.141161413466373
1892,22,7.988211097120223,0.14432989690721648,7.988211097120223
1892,62,8.282664700691315,0.23711340206185566,8.282664700691315
1893,22,9.330894758453901,0.22268041237113403,9.330894758453901
1893,17,9.07232575526142,0.17938144329896907,9.07232575526142
1894,62,8.79674868299048,0.14432989690721648,8.79674868299048
1894,58,3.5009245251759364,0.16288659793814433,3.5009245251759364
1895,73,4.888781723262015,0.2948453608247423,4.888781723262015
1895,7,9.340677576524707,0.15257731958762888,9.340677576524707
1896,35,7.999641381531415,0.2618556701030928,7.999641381531415
1896,10,9.803978967488439,0.20412371134020618,9.803978967488439
1897,13,8.4555501516151,0.15670103092783505,8.4555501516151
1897,3,8.479107190892073,0.1958762886597938,8.479107190892073
1898,19,9.641291384196379,0.22474226804123712,9.641291384196379
1898,86,9.447679113362197,0.1979381443298969,9.447679113362197
1899,58,8.812646397692271,0.25773195876288657,8.812646397692271
1899,70,9.09780243260116,0.1979381443298969,9.09780243260116
1900,85,8.842969510004774,0.20618556701030927,8.842969510004774
1900,31,5.950832892526503,0.2329896907216495,5.950832892526503
1901,62,7.936896599259986,0.2020618556701031,7.936896599259986
1901,86,9.779874351127493,0.1731958762886598,9.779874351127493
1902,86,7.241735599154682,0.21855670103092784,7.241735599154682
1902,89,7.763448409458944,0.22474226804123712,7.763448409458944
1903,73,9.3782006573921,0.21030927835051547,9.3782006573921
1903,3,7.995053423210321,0.16494845360824742,7.995053423210321
1904,35,8.318516760357111,0.2556701030927835,8.318516760357111
1904,58,9.169021672663275,0.20618556701030927,9.169021672663275
1905,58,8.29686095166018,0.21443298969072164,8.29686095166018
1905,63,8.196313103690063,0.24948453608247423,8.196313103690063
1906,36,8.849548853424528,0.21649484536082475,8.849548853424528
1906,64,9.358557593260914,0.20618556701030927,9.358557593260914
1907,85,8.6507580688296,0.1670103092783505,8.6507580688296
1907,99,9.119260122858547,0.2288659793814433,9.119260122858547
1908,89,9.241443901353213,0.18144329896907216,9.241443901353213
1908,18,8.538516520688834,0.2329896907216495,8.538516520688834
1909,85,9.541911151524088,0.22061855670103092,9.541911151524088
1909,11,9.417096813419093,0.20824742268041238,9.417096813419093
1910,37,8.418918890439482,0.26597938144329897,8.418918890439482
1910,23,9.442862134433213,0.17525773195876287,9.442862134433213
1911,51,8.661317211166663,0.1670103092783505,8.661317211166663
1911,36,8.742461562587156,0.21855670103092784,8.742461562587156
1912,55,9.209633849892697,0.1670103092783505,9.209633849892697
1912,6,9.779449878689862,0.19175257731958764,9.779449878689862
1913,62,7.497237954474555,0.21649484536082475,7.497237954474555
1913,35,8.575817360962024,0.24123711340206186,8.575817360962024
1914,87,8.944211589580313,0.21030927835051547,8.944211589580313
1914,40,8.903664303831603,0.22268041237113403,8.903664303831603
1915,78,8.359041201167733,0.18556701030927836,8.359041201167733
1915,79,9.267206003508262,0.20618556701030927,9.267206003508262
1916,86,8.933391520933833,0.18144329896907216,8.933391520933833
1916,44,8.677224434571192,0.18350515463917524,8.677224434571192
1917,62,9.568851384685864,0.18556701030927836,9.568851384685864
1917,55,8.825443023808909,0.22061855670103092,8.825443023808909
1918,49,8.656866320999159,0.22268041237113403,8.656866320999159
1918,18,9.349422603622141,0.1711340206185567,9.349422603622141
1919,79,9.624174422102397,0.15463917525773196,9.624174422102397
1919,48,9.11980525146132,0.1711340206185567,9.11980525146132
1920,80,9.281392297691736,0.22268041237113403,9.281392297691736
1920,11,8.623823499930324,0.16907216494845362,8.623823499930324
1921,47,9.280055226657717,0.22474226804123712,9.280055226657717
1921,68,8.912231576702855,0.21443298969072164,8.912231576702855
1922,94,7.182440311348472,0.17525773195876287,7.182440311348472
1922,99,8.701989002604565,0.17938144329896907,8.701989002604565
1923,22,8.393243220519436,0.18556701030927836,8.393243220519436
1923,77,9.082151494806759,0.2536082474226804,9.082151494806759
1924,94,8.082003379323549,0.1670103092783505,8.082003379323549
1924,30,8.659560581744111,0.16288659793814433,8.659560581744111
1925,30,6.896093286623773,0.15876288659793814,6.896093286623773
1925,55,7.380585278165133,0.22268041237113403,7.380585278165133
1926,31,6.88515246352912,0.17525773195876287,6.88515246352912
1926,25,9.69277592555942,0.20824742268041238,9.69277592555942
1927,35,7.539706624233151,0.30721649484536084,7.539706624233151
1927,57,8.781772926614432,0.30927835051546393,8.781772926614432
1928,44,7.93421569978582,0.1670103092783505,7.93421569978582
1928,57,8.718105865705342,0.21237113402061855,8.718105865705342
1929,57,8.138262164045363,0.21030927835051547,8.138262164045363
1929,64,8.764829820931283,0.24329896907216494,8.764829820931283
1930,19,8.998726484114352,0.2824742268041237,8.998726484114352
1930,16,9.074343066189991,0.24123711340206186,9.074343066189991
1931,89,6.473988568755358,0.12164948453608247,6.473988568755358
1931,47,7.1952463499248,0.17525773195876287,7.1952463499248
1932,88,7.66537504545236,0.1979381443298969,7.66537504545236
1932,84,8.247324084863592,0.2824742268041237,8.247324084863592
1933,99,9.373540192978595,0.2268041237113402,9.373540192978595
1933,53,7.894033505390462,0.177319587628866,7.894033505390462
1934,12,10.054767570375885,0.25773195876288657,10.054767570375885
1934,18,9.595915981313677,0.19381443298969073,9.595915981313677
1935,44,8.601762079951722,0.18762886597938144,8.601762079951722
1935,22,9.162944215026107,0.2020618556701031,9.162944215026107
1936,48,7.475467578732087,0.18144329896907216,7.475467578732087
1936,22,7.833522330342751,0.1979381443298969,7.833522330342751
1937,15,6.748816275925513,0.17938144329896907,6.748816275925513
1937,51,8.278357069901459,0.16082474226804125,8.278357069901459
1938,30,8.890031252689457,0.17938144329896907,8.890031252689457
1938,78,8.619806973223463,0.24536082474226803,8.619806973223463
1939,70,8.913134984823948,0.2,8.913134984823948
1939,96,8.169497096600521,0.22474226804123712,8.169497096600521
1940,47,9.531393494702678,0.2618556701030928,9.531393494702678
1940,68,8.043086619148527,0.21855670103092784,8.043086619148527
1941,84,8.50487994057978,0.21030927835051547,8.50487994057978
1941,7,8.879823926379386,0.21855670103092784,8.879823926379386
1942,94,8.914035966792403,0.16288659793814433,8.914035966792403
1942,16,9.345903598403881,0.15463917525773196,9.345903598403881
1943,73,8.890826235722015,0.24123711340206186,8.890826235722015
1943,91,9.86747132098469,0.2288659793814433,9.86747132098469
1944,15,8.818413520491747,0.15670103092783505,8.818413520491747
1944,73,8.615859551688077,0.17525773195876287,8.615859551688077
1945,68,7.221424216273882,0.11134020618556702,7.221424216273882
1945,84,7.9037485175629145,0.21443298969072164,7.9037485175629145
1946,31,8.988128169492315,0.2329896907216495,8.988128169492315
1946,84,9.152873620924398,0.17525773195876287,9.152873620924398
1947,48,9.17400229254914,0.23505154639175257,9.17400229254914
1947,66,8.074205963300452,0.25773195876288657,8.074205963300452
1948,55,9.697994690719428,0.19381443298969073,9.697994690719428
1948,86,8.067220663332979,0.14845360824742268,8.067220663332979
1949,7,9.074948593829784,0.25773195876288657,9.074948593829784
1949,81,9.383189311062717,0.24123711340206186,9.383189311062717
1950,86,9.338410050344947,0.22061855670103092,9.338410050344947
1950,51,8.711741634915667,0.18556701030927836,8.711741634915667
1951,20,7.035568643028862,0.15876288659793814,7.035568643028862
1951,62,8.796347618401825,0.21443298969072164,8.796347618401825
1952,44,7.064700172188874,0.18762886597938144,7.064700172188874
1952,21,9.559523000815695,0.1731958762886598,9.559523000815695
1953,78,7.839341025735944,0.15463917525773196,7.839341025735944
1953,86,9.29938220770973,0.21649484536082475,9.29938220770973
1954,44,8.362861724038735,0.1979381443298969,8.362861724038735
1954,84,9.621976798606667,0.17525773195876287,9.621976798606667
1955,68,8.88219922258848,0.2268041237113402,8.88219922258848
1955,37,8.524522637023132,0.23917525773195877,8.524522637023132
1956,36,9.883128651955941,0.16494845360824742,9.883128651955941
1956,40,8.974926220920453,0.16907216494845362,8.974926220920453
1957,51,9.211300188900633,0.2309278350515464,9.211300188900633
1957,48,9.395718326021653,0.22061855670103092,9.395718326021653
1958,57,8.848900523038758,0.1979381443298969,8.848900523038758
1958,19,9.281020351064873,0.1979381443298969,9.281020351064873
1959,20,8.473128905893144,0.17938144329896907,8.473128905893144
1959,17,9.530573375301477,0.18144329896907216,9.530573375301477
1960,22,8.527856134724152,0.1711340206185567,8.527856134724152
1960,63,8.92463235307006,0.18350515463917524,8.92463235307006
1961,62,8.523165378851774,0.1402061855670103,8.523165378851774
1961,23,9.493273898979096,0.24536082474226803,9.493273898979096
1962,3,8.253764105616431,0.20618556701030927,8.253764105616431
1962,16,7.845643262896464,0.1360824742268041,7.845643262896464
1963,79,7.434931472474003,0.12989690721649486,7.434931472474003
1963,24,7.395944764461409,0.2,7.395944764461409
1964,11,8.1893291475325,0.15876288659793814,8.1893291475325
1964,40,8.222400233847708,0.22061855670103092,8.222400233847708
1965,98,8.770269159147642,0.2618556701030928,8.770269159147642
1965,51,9.651021748012187,0.21649484536082475,9.651021748012187
1966,96,9.547775958754992,0.18556701030927836,9.547775958754992
1966,40,8.640729468073495,0.21855670103092784,8.640729468073495
1967,20,9.58954987011472,0.18556701030927836,9.58954987011472
1967,85,8.286759755745473,0.16907216494845362,8.286759755745473
1968,11,7.865021934675238,0.21855670103092784,7.865021934675238
1968,46,10.222567910524205,0.1670103092783505,10.222567910524205
1969,97,9.359089839515597,0.20412371134020618,9.359089839515597
1969,26,7.688877089666491,0.2,7.688877089666491
1970,53,7.24460812008301,0.18144329896907216,7.24460812008301
1970,37,9.198640538773368,0.15876288659793814,9.198640538773368
1971,70,8.422192347258452,0.23917525773195877,8.422192347258452
1971,37,8.668667215548913,0.1958762886597938,8.668667215548913
1972,22,8.297628541348127,0.16082474226804125,8.297628541348127
1972,15,5.614237895464474,0.2639175257731959,5.614237895464474
1973,66,9.850791850341178,0.21030927835051547,9.850791850341178
1973,44,9.070380002045178,0.18350515463917524,9.070380002045178
1974,31,7.385198786745052,0.18556701030927836,7.385198786745052
1974,23,8.401030280363804,0.1979381443298969,8.401030280363804
1975,35,9.36022158477551,0.21030927835051547,9.36022158477551
1975,73,7.936520541898163,0.2309278350515464,7.936520541898163
1976,100,8.7805716853207,0.15876288659793814,8.7805716853207
1976,32,9.711552345482783,0.16288659793814433,9.711552345482783
1977,13,6.364787416160151,0.354639175257732,6.364787416160151
1977,62,7.48630289435607,0.21237113402061855,7.48630289435607
1978,62,9.580790956980007,0.16907216494845362,9.580790956980007
1978,21,9.402673381870628,0.18969072164948453,9.402673381870628
1979,35,7.315698620582578,0.16494845360824742,7.315698620582578
1979,10,8.224781155731023,0.177319587628866,8.224781155731023
1980,64,8.027838201909173,0.22474226804123712,8.027838201909173
1980,18,8.693954292494123,0.1670103092783505,8.693954292494123
1981,34,9.783740807089615,0.16494845360824742,9.783740807089615
1981,6,8.134854353299117,0.15463917525773196,8.134854353299117
1982,88,7.045716951951449,0.11958762886597939,7.045716951951449
1982,22,8.487416247663322,0.20824742268041238,8.487416247663322
1983,6,8.797460456622641,0.15670103092783505,8.797460456622641
1983,3,7.564238498677652,0.15051546391752577,7.564238498677652
1984,15,8.260830912904808,0.24742268041237114,8.260830912904808
1984,3,8.679260612521363,0.18762886597938144,8.679260612521363
1985,79,8.613507067771279,0.22268041237113403,8.613507067771279
1985,98,9.248943811623723,0.2,9.248943811623723
1986,44,8.156319289995434,0.20824742268041238,8.156319289995434
1986,20,8.238606744718506,0.21649484536082475,8.238606744718506
1987,73,9.52589586840567,0.24948453608247423,9.52589586840567
1987,10,8.169919508909828,0.2,8.169919508909828
1988,35,8.346190833754205,0.21443298969072164,8.346190833754205
1988,37,9.387160487937505,0.15257731958762888,9.387160487937505
1989,78,7.706959859956718,0.16082474226804125,7.706959859956718
1989,44,7.304088328413662,0.2,7.304088328413662
1990,44,9.2008229532871,0.18144329896907216,9.2008229532871
1990,64,8.266705772523773,0.15051546391752577,8.266705772523773
1991,31,7.926849040471846,0.15051546391752577,7.926849040471846
1991,26,7.373581552049777,0.16494845360824742,7.373581552049777
1992,68,8.374600979926676,0.17938144329896907,8.374600979926676
1992,87,9.59841163227074,0.17525773195876287,9.59841163227074
1993,31,9.435911090450812,0.22474226804123712,9.435911090450812
1993,85,9.37152790422238,0.177319587628866,9.37152790422238
1994,35,8.210260277963629,0.15670103092783505,8.210260277963629
1994,31,9.052468311039776,0.2618556701030928,9.052468311039776
1995,26,9.47061312534153,0.22268041237113403,9.47061312534153
1995,48,9.168283564658688,0.1958762886597938,9.168283564658688
1996,15,9.128418655914281,0.26597938144329897,9.128418655914281
1996,57,9.664171589062306,0.2268041237113402,9.664171589062306
1997,30,8.877871297657897,0.19381443298969073,8.877871297657897
1997,19,5.881804938777229,0.18144329896907216,5.881804938777229
1998,35,8.190409508533499,0.2,8.190409508533499
1998,32,9.470815073007406,0.15670103092783505,9.470815073007406
1999,5,8.963848056776586,0.2597938144329897,8.963848056776586
1999,82,9.774824782922664,0.29690721649484536,9.774824782922664
2000,100,9.900959440083406,0.22061855670103092,9.900959440083406
2000,60,8.723508623783061,0.24948453608247423,8.723508623783061
2001,94,9.201212574004348,0.21855670103092784,9.201212574004348
2001,37,9.553648246284045,0.15463917525773196,9.553648246284045
2002,10,7.980342952604373,0.20824742268041238,7.980342952604373
2002,22,9.16723110846138,0.24948453608247423,9.16723110846138
2003,11,7.852159671136012,0.15257731958762888,7.852159671136012
2003,18,9.103245222992909,0.21855670103092784,9.103245222992909
2004,6,8.253105777593662,0.17525773195876287,8.253105777593662
2004,80,9.537662563262822,0.1958762886597938,9.537662563262822
2005,89,8.29959493978656,0.21237113402061855,8.29959493978656
2005,60,8.240313727064528,0.19175257731958764,8.240313727064528
2006,40,5.526621242129375,0.21855670103092784,5.526621242129375
2006,63,8.02938849681165,0.23711340206185566,8.02938849681165
2007,96,7.761657521524253,0.13814432989690723,7.761657521524253
2007,1,8.154416138355096,0.2,8.154416138355096
2008,3,9.233960968219222,0.18556701030927836,9.233960968219222
2008,30,8.420804223181936,0.2309278350515464,8.420804223181936
2009,6,5.9725013417908555,0.1731958762886598,5.9725013417908555
2009,22,7.955198575403819,0.16288659793814433,7.955198575403819
2010,22,8.150200491750041,0.21649484536082475,8.150200491750041
2010,18,9.269515355602413,0.21649484536082475,9.269515355602413
2011,11,9.495129399660653,0.177319587628866,9.495129399660653
2011,58,8.775880861477699,0.2288659793814433,8.775880861477699
2012,6,8.332919318012225,0.2268041237113402,8.332919318012225
2012,68,9.300733558462063,0.16907216494845362,9.300733558462063
2013,98,8.042920693905582,0.177319587628866,8.042920693905582
2013,87,9.340995330495906,0.20618556701030927,9.340995330495906
2014,88,9.480812498206939,0.19381443298969073,9.480812498206939
2014,43,9.451283939676445,0.17525773195876287,9.451283939676445
2015,60,9.530001461754322,0.24948453608247423,9.530001461754322
2015,5,7.052200448729589,0.23711340206185566,7.052200448729589
2016,79,6.149042645891515,0.2907216494845361,6.149042645891515
2016,88,7.881270389684774,0.21030927835051547,7.881270389684774
2017,94,8.726173995669333,0.1711340206185567,8.726173995669333
2017,62,9.215185193569157,0.2515463917525773,9.215185193569157
2018,70,8.936388339640162,0.27010309278350514,8.936388339640162
2018,77,8.345026039387426,0.12371134020618557,8.345026039387426
2019,10,8.995818200286585,0.22061855670103092,8.995818200286585
2019,84,6.9786022984590295,0.21030927835051547,6.9786022984590295
2020,5,9.09489955832889,0.1731958762886598,9.09489955832889
2020,55,6.463927622473756,0.1360824742268041,6.463927622473756
2021,64,8.123431651007992,0.21443298969072164,8.123431651007992
2021,15,7.0781195534792225,0.1402061855670103,7.0781195534792225
2022,88,7.7356036089851195,0.18144329896907216,7.7356036089851195
2022,58,8.624991485504541,0.16494845360824742,8.624991485504541
2023,55,8.960195231132273,0.20618556701030927,8.960195231132273
2023,98,7.8176801593656355,0.19381443298969073,7.8176801593656355
2024,98,8.685427504666524,0.24742268041237114,8.685427504666524
2024,63,9.634688249776621,0.2556701030927835,9.634688249776621
2025,96,9.312917034865679,0.14845360824742268,9.312917034865679
2025,37,8.222394230267843,0.22474226804123712,8.222394230267843
2026,5,8.580111268331242,0.20618556701030927,8.580111268331242
2026,52,9.140821325492508,0.1731958762886598,9.140821325492508
2027,78,9.070214179256258,0.2288659793814433,9.070214179256258
2027,6,9.449346092662495,0.22474226804123712,9.449346092662495
2028,85,7.834730792496691,0.1958762886597938,7.834730792496691
2028,51,9.100219303680694,0.20618556701030927,9.100219303680694
2029,35,9.198917443629405,0.27422680412371137,9.198917443629405
2029,47,8.70930793173263,0.2268041237113402,8.70930793173263
2030,20,8.918441564627704,0.2329896907216495,8.918441564627704
2030,98,9.078362572684172,0.2536082474226804,9.078362572684172
2031,89,9.758128495361087,0.2556701030927835,9.758128495361087
2031,70,10.061958348264382,0.22061855670103092,10.061958348264382
2032,53,8.882503579354191,0.23711340206185566,8.882503579354191
2032,88,8.189475046430578,0.2020618556701031,8.189475046430578
2033,5,9.457730625514067,0.2556701030927835,9.457730625514067
2033,76,8.158963546737697,0.2329896907216495,8.158963546737697
2034,53,9.868260878257168,0.17525773195876287,9.868260878257168
2034,52,9.47519313537717,0.177319587628866,9.47519313537717
2035,68,9.480791353059972,0.19175257731958764,9.480791353059972
2035,87,9.239827288596095,0.2309278350515464,9.239827288596095
2036,40,9.125906799357008,0.21649484536082475,9.125906799357008
2036,78,6.685956626698563,0.16494845360824742,6.685956626698563
2037,55,8.615749405535764,0.2515463917525773,8.615749405535764
2037,71,8.884490866725685,0.2,8.884490866725685
2038,15,7.9336087329718215,0.18762886597938144,7.9336087329718215
2038,16,7.194471354380739,0.19175257731958764,7.194471354380739
2039,77,9.908784287026426,0.18969072164948453,9.908784287026426
2039,40,8.945661005386476,0.2329896907216495,8.945661005386476
2040,13,9.33722217959139,0.21443298969072164,9.33722217959139
2040,94,8.180047234321416,0.24123711340206186,8.180047234321416
2041,64,8.477514787382677,0.2020618556701031,8.477514787382677
2041,88,8.209297016780909,0.18969072164948453,8.209297016780909
2042,30,6.472269541033452,0.12783505154639174,6.472269541033452
2042,44,7.182978116234436,0.2329896907216495,7.182978116234436
2043,71,9.62478161843213,0.15876288659793814,9.62478161843213
2043,81,9.649590225705142,0.2556701030927835,9.649590225705142
2044,3,8.942708259902277,0.2268041237113402,8.942708259902277
2044,80,8.617549045001297,0.21030927835051547,8.617549045001297
2045,88,9.00802435370642,0.2309278350515464,9.00802435370642
2045,63,9.517809019320303,0.22474226804123712,9.517809019320303
2046,15,9.113883332750135,0.1979381443298969,9.113883332750135
2046,88,9.576098628056705,0.1463917525773196,9.576098628056705
2047,94,9.429956064937553,0.21855670103092784,9.429956064937553
2047,47,9.116430320358567,0.24742268041237114,9.116430320358567
2048,55,9.525874245219772,0.20824742268041238,9.525874245219772
2048,10,9.496294019801953,0.19175257731958764,9.496294019801953
2049,80,9.356576439381431,0.2288659793814433,9.356576439381431
2049,18,9.221459706101141,0.2556701030927835,9.221459706101141
2050,1,9.427368517758126,0.1958762886597938,9.427368517758126
2050,76,8.951138771446075,0.177319587628866,8.951138771446075
2051,37,8.347294991139892,0.22268041237113403,8.347294991139892
2051,3,7.7992350664417005,0.177319587628866,7.7992350664417005
2052,30,9.19008618654146,0.16082474226804125,9.19008618654146
2052,35,9.738276875551717,0.2,9.738276875551717
2053,21,9.935459078715352,0.2268041237113402,9.935459078715352
2053,1,9.37688101834465,0.26597938144329897,9.37688101834465
2054,30,9.314782976025427,0.1958762886597938,9.314782976025427
2054,97,9.594632208223842,0.2,9.594632208223842
2055,79,8.470381470321767,0.2721649484536082,8.470381470321767
2055,84,9.156598716409723,0.2556701030927835,9.156598716409723
2056,47,8.354274849386828,0.1979381443298969,8.354274849386828
2056,68,9.447507705627235,0.1670103092783505,9.447507705627235
2057,49,8.491232944907685,0.22268041237113403,8.491232944907685
2057,68,8.945914940917916,0.18350515463917524,8.945914940917916
2058,2,9.225823373291092,0.18969072164948453,9.225823373291092
2058,59,8.745122869552954,0.2597938144329897,8.745122869552954
2059,11,10.087205951480078,0.21855670103092784,10.087205951480078
2059,89,4.336777373554048,0.311340206185567,4.336777373554048
2060,82,6.856364492692271,0.23917525773195877,6.856364492692271
2060,61,8.635543407869248,0.18350515463917524,8.635543407869248
2061,84,7.563252092238351,0.24123711340206186,7.563252092238351
2061,81,8.754421818887412,0.27010309278350514,8.754421818887412
2062,84,9.634106751425765,0.2020618556701031,9.634106751425765
2062,5,9.571470099047218,0.18350515463917524,9.571470099047218
2063,16,6.373067944341263,0.18762886597938144,6.373067944341263
2063,10,7.679109876265969,0.21855670103092784,7.679109876265969
2064,16,9.168377157396188,0.24742268041237114,9.168377157396188
2064,58,8.870392727399397,0.24329896907216494,8.870392727399397
2065,82,9.278929320428833,0.24536082474226803,9.278929320428833
2065,80,9.689613574163708,0.18969072164948453,9.689613574163708
2066,61,8.810397725144114,0.23505154639175257,8.810397725144114
2066,43,9.543319327535187,0.23711340206185566,9.543319327535187
2067,37,9.24069682357952,0.20412371134020618,9.24069682357952
2067,68,9.296652372505172,0.23917525773195877,9.296652372505172
2068,79,9.2253785892313,0.1958762886597938,9.2253785892313
2068,40,9.979596927553526,0.14432989690721648,9.979596927553526
2069,78,9.015748712871343,0.20618556701030927,9.015748712871343
2069,49,9.002254773800635,0.2,9.002254773800635
2070,79,9.336454532214855,0.1422680412371134,9.336454532214855
2070,73,8.698346634303888,0.24536082474226803,8.698346634303888
2071,23,8.37441561291955,0.2536082474226804,8.37441561291955
2071,59,8.676641706908557,0.21237113402061855,8.676641706908557
2072,68,9.502096843924843,0.1958762886597938,9.502096843924843
2072,96,7.1796946464359825,0.16288659793814433,7.1796946464359825
2073,99,9.205271232801529,0.22061855670103092,9.205271232801529
2073,71,6.31935736617217,0.18556701030927836,6.31935736617217
2074,31,8.379228975354916,0.26597938144329897,8.379228975354916
2074,37,10.018181743535573,0.2329896907216495,10.018181743535573
2075,98,9.658975081074413,0.1670103092783505,9.658975081074413
2075,94,8.317810722007204,0.16082474226804125,8.317810722007204
2076,99,8.951630710442618,0.25773195876288657,8.951630710442618
2076,82,9.325020614563504,0.18762886597938144,9.325020614563504
2077,71,7.89892126763342,0.2536082474226804,7.89892126763342
2077,68,9.526963237567363,0.2268041237113402,9.526963237567363
2078,82,9.742866994277307,0.1670103092783505,9.742866994277307
2078,36,9.141034321224037,0.24536082474226803,9.141034321224037
2079,99,9.387824540207326,0.22061855670103092,9.387824540207326
2079,84,9.662889453132406,0.2309278350515464,9.662889453132406
2080,73,8.725413842453632,0.24329896907216494,8.725413842453632
2080,49,9.83058863250986,0.1979381443298969,9.83058863250986
2081,3,10.138223760221495,0.21237113402061855,10.138223760221495
2081,85,9.623354968480276,0.21443298969072164,9.623354968480276
2082,86,9.163770005820195,0.21237113402061855,9.163770005820195
2082,68,8.67763929295717,0.1711340206185567,8.67763929295717
2083,78,9.157232988186074,0.2268041237113402,9.157232988186074
2083,51,8.442701483813696,0.1979381443298969,8.442701483813696
2084,24,9.323287437178394,0.21443298969072164,9.323287437178394
2084,61,9.591163859144082,0.2268041237113402,9.591163859144082
2085,23,9.55366185863607,0.21030927835051547,9.55366185863607
2085,31,8.880820524207609,0.19175257731958764,8.880820524207609
2086,58,9.023668266504142,0.1958762886597938,9.023668266504142
2086,79,8.982396878538042,0.22061855670103092,8.982396878538042
2087,96,8.608936043979927,0.27835051546391754,8.608936043979927
2087,79,9.89053977200878,0.20824742268041238,9.89053977200878
2088,68,7.688261075630768,0.31958762886597936,7.688261075630768
2088,35,8.477754415422737,0.16288659793814433,8.477754415422737
2089,81,8.115139230956261,0.18556701030927836,8.115139230956261
2089,15,9.358385985053062,0.2288659793814433,9.358385985053062
2090,64,9.28822302874112,0.23711340206185566,9.28822302874112
2090,73,9.311223273563867,0.19175257731958764,9.311223273563867
2091,2,8.373983961445399,0.2309278350515464,8.373983961445399
2091,15,8.330603343566978,0.1979381443298969,8.330603343566978
2092,9,6.139805016883413,0.13814432989690723,6.139805016883413
2092,66,6.542994603297062,0.1958762886597938,6.542994603297062
2093,94,9.986718563645335,0.22061855670103092,9.986718563645335
2093,86,9.829548485520945,0.16907216494845362,9.829548485520945
2094,66,9.51963494705958,0.2,9.51963494705958
2094,59,8.165563837202653,0.24742268041237114,8.165563837202653
2095,26,5.974019127325573,0.2824742268041237,5.974019127325573
2095,28,8.063556369670028,0.21443298969072164,8.063556369670028
2096,15,7.763622391799324,0.27010309278350514,7.763622391799324
2096,14,8.145954508988822,0.21649484536082475,8.145954508988822
2097,32,9.887853221268713,0.16907216494845362,9.887853221268713
2097,84,8.659945982901673,0.23711340206185566,8.659945982901673
2098,14,9.206170317502426,0.21237113402061855,9.206170317502426
2098,48,9.134731497508238,0.2618556701030928,9.134731497508238
2099,28,9.108206151827181,0.21030927835051547,9.108206151827181
2099,51,8.940970364130225,0.21030927835051547,8.940970364130225
2100,68,8.226231134396807,0.1402061855670103,8.226231134396807
2100,48,9.310692273188854,0.14845360824742268,9.310692273188854
2101,89,8.828425999074536,0.18762886597938144,8.828425999074536
2101,71,9.230415437572214,0.15670103092783505,9.230415437572214
2102,59,8.7173979145104,0.20412371134020618,8.7173979145104
2102,16,9.344838424187609,0.22474226804123712,9.344838424187609
2103,44,7.54427454303113,0.18762886597938144,7.54427454303113
2103,59,8.99832334349136,0.27010309278350514,8.99832334349136
2104,51,9.639739694413237,0.2309278350515464,9.639739694413237
2104,59,9.334836607842876,0.2288659793814433,9.334836607842876
2105,84,9.06540157598769,0.2329896907216495,9.06540157598769
2105,36,6.943304522944167,0.18144329896907216,6.943304522944167
2106,42,9.752059661208513,0.23711340206185566,9.752059661208513
2106,21,8.03149527607513,0.18556701030927836,8.03149527607513
2107,28,8.914165024510924,0.21030927835051547,8.914165024510924
2107,16,9.512506208062234,0.17938144329896907,9.512506208062234
2108,9,8.044262515157214,0.21237113402061855,8.044262515157214
2108,22,8.250860663317127,0.21030927835051547,8.250860663317127
2109,23,9.050798068648277,0.26597938144329897,9.050798068648277
2109,97,8.923412536657025,0.25773195876288657,8.923412536657025
2110,35,8.67531477830244,0.20412371134020618,8.67531477830244
2110,78,8.69812778936572,0.21443298969072164,8.69812778936572
2111,19,9.594193649957248,0.21855670103092784,9.594193649957248
2111,1,8.746598427970135,0.21649484536082475,8.746598427970135
2112,44,9.350606502764437,0.2597938144329897,9.350606502764437
2112,19,9.609999107251644,0.25773195876288657,9.609999107251644
2113,81,9.229762603086712,0.19381443298969073,9.229762603086712
2113,22,9.1853872685487,0.2268041237113402,9.1853872685487
2114,23,9.473948308987772,0.1958762886597938,9.473948308987772
2114,48,8.815050419643317,0.24329896907216494,8.815050419643317
2115,31,9.228317107594364,0.24536082474226803,9.228317107594364
2115,18,7.840221490388779,0.21030927835051547,7.840221490388779
2116,76,8.029362891090715,0.15876288659793814,8.029362891090715
2116,88,7.85763653194429,0.20412371134020618,7.85763653194429
2117,22,9.345862932122982,0.21237113402061855,9.345862932122982
2117,87,9.010624725621602,0.24329896907216494,9.010624725621602
2118,6,9.267839428956925,0.22268041237113403,9.267839428956925
2118,77,9.852689207117193,0.18969072164948453,9.852689207117193
2119,68,8.86594256193067,0.15257731958762888,8.86594256193067
2119,55,8.34446508405118,0.15257731958762888,8.34446508405118
2120,55,9.008702708522474,0.14845360824742268,9.008702708522474
2120,1,5.8097690008511425,0.2288659793814433,5.8097690008511425
2121,1,8.6744589473429,0.24948453608247423,8.6744589473429
2121,58,10.100136211144884,0.15876288659793814,10.100136211144884
2122,28,9.015637911362097,0.1979381443298969,9.015637911362097
2122,31,8.87785509986281,0.24948453608247423,8.87785509986281
2123,87,9.03166291848959,0.15051546391752577,9.03166291848959
2123,14,8.418117244100264,0.19175257731958764,8.418117244100264
2124,76,7.42060042627203,0.22474226804123712,7.42060042627203
2124,1,9.725250286833237,0.20618556701030927,9.725250286833237
2125,99,9.372474770769745,0.2597938144329897,9.372474770769745
2125,17,9.574283249578297,0.2309278350515464,9.574283249578297
2126,10,8.825009070862718,0.2329896907216495,8.825009070862718
2126,9,9.317805777990179,0.18969072164948453,9.317805777990179
2127,78,9.583615932775743,0.18144329896907216,9.583615932775743
2127,62,9.944414880052939,0.20824742268041238,9.944414880052939
2128,80,9.344825667786095,0.18969072164948453,9.344825667786095
2128,91,8.563100201056802,0.2329896907216495,8.563100201056802
2129,84,8.414522725810103,0.18556701030927836,8.414522725810103
2129,59,9.805360689291572,0.20412371134020618,9.805360689291572
2130,47,9.060622467461942,0.21030927835051547,9.060622467461942
2130,71,9.163494970728472,0.23917525773195877,9.163494970728472
2131,15,9.095218745261908,0.2597938144329897,9.095218745261908
2131,81,9.239129830610791,0.2329896907216495,9.239129830610791
2132,35,8.32374035228756,0.17938144329896907,8.32374035228756
2132,48,9.424852372821713,0.1958762886597938,9.424852372821713
2133,89,8.153750396598296,0.15876288659793814,8.153750396598296
2133,73,7.974697306989919,0.177319587628866,7.974697306989919
2134,21,9.164928558067006,0.18556701030927836,9.164928558067006
2134,20,8.626222306008488,0.18969072164948453,8.626222306008488
2135,91,8.169257119239893,0.2556701030927835,8.169257119239893
2135,87,9.694905563118917,0.2309278350515464,9.694905563118917
2136,96,8.990578153710901,0.20618556701030927,8.990578153710901
2136,13,8.669444032786602,0.22268041237113403,8.669444032786602
2137,15,9.536839968690138,0.21030927835051547,9.536839968690138
2137,63,10.156112493724915,0.19175257731958764,10.156112493724915
2138,14,8.078286358419858,0.15463917525773196,8.078286358419858
2138,31,9.662149184974737,0.21855670103092784,9.662149184974737
2139,89,9.046603357597277,0.21030927835051547,9.046603357597277
2139,65,8.779175470925246,0.23505154639175257,8.779175470925246
2140,43,9.07517662693286,0.22268041237113403,9.07517662693286
2140,17,7.243180889933378,0.2,7.243180889933378
2141,26,9.63716760286193,0.1731958762886598,9.63716760286193
2141,20,8.970881807809503,0.20618556701030927,8.970881807809503
2142,65,9.212123487445053,0.17525773195876287,9.212123487445053
2142,85,9.325093703909847,0.1731958762886598,9.325093703909847
2143,97,9.270705171864702,0.22061855670103092,9.270705171864702
2143,27,8.898587181484727,0.22474226804123712,8.898587181484727
2144,96,9.588111614379926,0.20618556701030927,9.588111614379926
2144,48,8.652953956782218,0.2597938144329897,8.652953956782218
2145,36,9.414025472256135,0.20412371134020618,9.414025472256135
2145,44,8.948459070587523,0.20824742268041238,8.948459070587523
2146,20,9.296796131304792,0.24536082474226803,9.296796131304792
2146,34,10.051442687512374,0.21030927835051547,10.051442687512374
2147,88,8.587503319877404,0.18556701030927836,8.587503319877404
2147,84,7.16227061490829,0.1958762886597938,7.16227061490829
2148,27,9.302611409230302,0.2309278350515464,9.302611409230302
2148,43,8.480007954507435,0.27422680412371137,8.480007954507435
2149,76,8.372264114927349,0.2288659793814433,8.372264114927349
2149,6,9.791281637722427,0.24123711340206186,9.791281637722427
2150,68,9.35050926870182,0.20824742268041238,9.35050926870182
2150,22,8.232533126936975,0.14845360824742268,8.232533126936975
2151,43,9.564497307118735,0.18556701030927836,9.564497307118735
2151,16,9.391288285265299,0.19175257731958764,9.391288285265299
2152,27,7.179535185900921,0.1670103092783505,7.179535185900921
2152,98,8.943957115681451,0.1958762886597938,8.943957115681451
2153,68,8.755074868982565,0.16288659793814433,8.755074868982565
2153,36,9.34959829658156,0.2329896907216495,9.34959829658156
2154,71,9.240760169041067,0.20618556701030927,9.240760169041067
2154,52,9.551921720277583,0.2329896907216495,9.551921720277583
2155,27,9.196972959027837,0.24948453608247423,9.196972959027837
2155,57,9.256520445481337,0.32577319587628867,9.256520445481337
2156,47,9.476951085662101,0.22474226804123712,9.476951085662101
2156,65,9.132955403532188,0.2515463917525773,9.132955403532188
2157,47,8.345593013683468,0.25773195876288657,8.345593013683468
2157,43,8.935633843652433,0.24536082474226803,8.935633843652433
2158,91,9.15392726524519,0.2020618556701031,9.15392726524519
2158,88,9.220769122628022,0.2597938144329897,9.220769122628022
2159,17,9.758109994967109,0.24536082474226803,9.758109994967109
2159,2,9.47372803468424,0.22474226804123712,9.47372803468424
2160,89,9.325898364468163,0.2597938144329897,9.325898364468163
2160,49,9.18101841566866,0.2329896907216495,9.18101841566866
2161,99,9.05030549216224,0.19381443298969073,9.05030549216224
2161,96,8.829342219192597,0.18969072164948453,8.829342219192597
2162,17,7.981455266323945,0.2268041237113402,7.981455266323945
2162,6,8.96579645065897,0.20824742268041238,8.96579645065897
2163,91,9.674155557581498,0.21443298969072164,9.674155557581498
2163,36,8.92340001324487,0.17525773195876287,8.92340001324487
2164,22,9.266199431505287,0.17525773195876287,9.266199431505287
2164,36,7.92535010378011,0.1711340206185567,7.92535010378011
2165,84,6.397865636063594,0.1731958762886598,6.397865636063594
2165,55,6.938020340740625,0.18350515463917524,6.938020340740625
2166,18,8.468244479820372,0.2309278350515464,8.468244479820372
2166,28,9.02022590929372,0.1958762886597938,9.02022590929372
2167,21,8.932937932038108,0.18144329896907216,8.932937932038108
2167,1,7.45547176534284,0.177319587628866,7.45547176534284
2168,36,9.741123452460746,0.15876288659793814,9.741123452460746
2168,73,9.861909829825278,0.15670103092783505,9.861909829825278
2169,9,9.256282790063757,0.16494845360824742,9.256282790063757
2169,89,7.629395187508774,0.19175257731958764,7.629395187508774
2170,18,9.065928768800848,0.20824742268041238,9.065928768800848
2170,20,6.420462560888043,0.16082474226804125,6.420462560888043
2171,7,9.19485342515022,0.24123711340206186,9.19485342515022
2171,5,6.859559408912791,0.14845360824742268,6.859559408912791
2172,84,9.37069575820849,0.20824742268041238,9.37069575820849
2172,82,9.648177065481878,0.2536082474226804,9.648177065481878
2173,85,9.512838022519013,0.1958762886597938,9.512838022519013
2173,84,9.645747557214229,0.21030927835051547,9.645747557214229
2174,10,8.91582385155182,0.22061855670103092,8.91582385155182
2174,80,8.732246496616236,0.18350515463917524,8.732246496616236
2175,99,9.357943708294574,0.1958762886597938,9.357943708294574
2175,57,9.122023881720967,0.21237113402061855,9.122023881720967
2176,65,9.02461516567124,0.18969072164948453,9.02461516567124
2176,2,9.628190422703346,0.27422680412371137,9.628190422703346
2177,13,6.7995298096093935,0.18144329896907216,6.7995298096093935
2177,65,9.609320338158625,0.2329896907216495,9.609320338158625
2178,21,9.523412906775736,0.21030927835051547,9.523412906775736
2178,97,8.938970381028803,0.24742268041237114,8.938970381028803
2179,89,8.979149179315936,0.2288659793814433,8.979149179315936
2179,74,9.011015322751092,0.2268041237113402,9.011015322751092
2180,6,8.224378716568024,0.16907216494845362,8.224378716568024
2180,57,8.146348268307017,0.22474226804123712,8.146348268307017
2181,10,9.765873001555665,0.1670103092783505,9.765873001555665
2181,71,8.42541756735244,0.21649484536082475,8.42541756735244
2182,14,8.533359373715918,0.18762886597938144,8.533359373715918
2182,89,9.065928514399253,0.1731958762886598,9.065928514399253
2183,14,9.187466282093741,0.18969072164948453,9.187466282093741
2183,80,8.894773346310004,0.18144329896907216,8.894773346310004
2184,47,9.105182414784007,0.15876288659793814,9.105182414784007
2184,74,8.41082962816436,0.16907216494845362,8.41082962816436
2185,98,8.655110109850693,0.16494845360824742,8.655110109850693
2185,28,9.617825697025316,0.23711340206185566,9.617825697025316
2186,13,7.675891607017407,0.20412371134020618,7.675891607017407
2186,57,9.20480028881051,0.27835051546391754,9.20480028881051
2187,82,9.380655377008834,0.21030927835051547,9.380655377008834
2187,87,8.915661782689332,0.1711340206185567,8.915661782689332
2188,1,8.94102744515219,0.2329896907216495,8.94102744515219
2188,15,9.674499124452245,0.26597938144329897,9.674499124452245
2189,1,9.408780690646209,0.2556701030927835,9.408780690646209
2189,22,9.48098051735659,0.17938144329896907,9.48098051735659
2190,26,6.819156569504877,0.22474226804123712,6.819156569504877
2190,51,9.819318894546711,0.16494845360824742,9.819318894546711
2191,71,8.951660571157827,0.20824742268041238,8.951660571157827
2191,88,9.000418020596554,0.20412371134020618,9.000418020596554
2192,74,9.74934797259291,0.15876288659793814,9.74934797259291
2192,24,9.637798983033397,0.21237113402061855,9.637798983033397
2193,97,8.981122287501256,0.311340206185567,8.981122287501256
2193,52,10.005084543025278,0.21443298969072164,10.005084543025278
2194,85,9.383860692672618,0.2556701030927835,9.383860692672618
2194,78,8.875687929952546,0.2597938144329897,8.875687929952546
2195,43,9.493894345541346,0.2020618556701031,9.493894345541346
2195,22,9.401900471659191,0.24123711340206186,9.401900471659191
2196,57,7.135730152826036,0.2268041237113402,7.135730152826036
2196,28,9.294812500237201,0.18762886597938144,9.294812500237201
2197,20,9.04039770773551,0.2,9.04039770773551
2197,88,6.030718204625275,0.1731958762886598,6.030718204625275
2198,64,8.717311644765093,0.18556701030927836,8.717311644765093
2198,66,7.712882256770811,0.20412371134020618,7.712882256770811
2199,17,6.867369965923158,0.25773195876288657,6.867369965923158
2199,42,9.537972992720643,0.2288659793814433,9.537972992720643
2200,1,9.777348802348081,0.21030927835051547,9.777348802348081
2200,84,8.22219833931217,0.24536082474226803,8.22219833931217
2201,35,8.001126906207517,0.1711340206185567,8.001126906207517
2201,78,9.132025318077575,0.1979381443298969,9.132025318077575
2202,20,9.11908131046938,0.2,9.11908131046938
2202,91,9.338995068096146,0.19175257731958764,9.338995068096146
2203,98,9.701026998457117,0.1958762886597938,9.701026998457117
2203,8,9.347430847422093,0.21443298969072164,9.347430847422093
2204,89,7.532723797747191,0.15670103092783505,7.532723797747191
2204,28,7.5889183861569505,0.1360824742268041,7.5889183861569505
2205,76,8.733461325814927,0.2639175257731959,8.733461325814927
2205,82,8.803330622666163,0.16907216494845362,8.803330622666163
2206,88,8.361562676961293,0.1731958762886598,8.361562676961293
2206,20,8.044396145971612,0.21855670103092784,8.044396145971612
2207,76,9.315247310321816,0.21649484536082475,9.315247310321816
2207,81,9.431350074581852,0.24329896907216494,9.431350074581852
2208,17,7.739656697104328,0.22268041237113403,7.739656697104328
2208,22,9.145245123308158,0.23505154639175257,9.145245123308158
2209,18,9.22022049881191,0.2020618556701031,9.22022049881191
2209,47,7.747316164940789,0.18762886597938144,7.747316164940789
2210,35,8.074034036020903,0.24329896907216494,8.074034036020903
2210,68,9.710256847014763,0.21649484536082475,9.710256847014763
2211,47,9.746889502841213,0.21030927835051547,9.746889502841213
2211,21,9.269678297047582,0.24742268041237114,9.269678297047582
2212,78,9.130742139590106,0.22268041237113403,9.130742139590106
2212,23,9.558082158804167,0.19175257731958764,9.558082158804167
2213,96,8.801201109657999,0.22474226804123712,8.801201109657999
2213,44,9.131464214829538,0.16907216494845362,9.131464214829538
2214,55,7.099009047195434,0.2536082474226804,7.099009047195434
2214,80,7.496782980384811,0.2268041237113402,7.496782980384811
2215,88,9.58131318704524,0.21443298969072164,9.58131318704524
2215,22,9.08856845480936,0.20618556701030927,9.08856845480936
2216,17,9.2582009054291,0.21030927835051547,9.2582009054291
2216,33,8.162327165172517,0.1979381443298969,8.162327165172517
2217,66,9.633772749474373,0.24329896907216494,9.633772749474373
2217,19,9.352469210747579,0.21855670103092784,9.352469210747579
2218,90,9.244390390867324,0.2556701030927835,9.244390390867324
2218,94,9.588641894336819,0.21030927835051547,9.588641894336819
2219,80,8.40051903702065,0.1958762886597938,8.40051903702065
2219,30,8.417164702453206,0.18144329896907216,8.417164702453206
2220,57,8.442528116913715,0.16288659793814433,8.442528116913715
2220,2,9.68483781247697,0.21855670103092784,9.68483781247697
2221,99,7.43284259486904,0.18556701030927836,7.43284259486904
2221,42,8.54388565184834,0.20618556701030927,8.54388565184834
2222,31,9.153666778427727,0.2329896907216495,9.153666778427727
2222,67,8.332210759607495,0.2515463917525773,8.332210759607495
2223,15,9.169819984153113,0.2329896907216495,9.169819984153113
2223,32,9.144886891109548,0.21237113402061855,9.144886891109548
2224,20,9.202220472373957,0.2288659793814433,9.202220472373957
2224,67,9.074648554290109,0.2556701030927835,9.074648554290109
2225,33,9.423772734837158,0.22061855670103092,9.423772734837158
2225,84,8.775827606713685,0.18969072164948453,8.775827606713685
2226,96,8.480617777773135,0.2020618556701031,8.480617777773135
2226,15,9.229964682613609,0.21030927835051547,9.229964682613609
2227,19,6.292100506344407,0.20618556701030927,6.292100506344407
2227,43,5.673431026984164,0.2927835051546392,5.673431026984164
2228,26,10.044868770054979,0.1958762886597938,10.044868770054979
2228,89,8.707903039849551,0.23917525773195877,8.707903039849551
2229,42,8.580281251831314,0.27835051546391754,8.580281251831314
2229,87,9.444006686791157,0.19381443298969073,9.444006686791157
2230,49,8.849625438304187,0.21443298969072164,8.849625438304187
2230,14,9.006697684977395,0.19381443298969073,9.006697684977395
2231,83,9.750695696420054,0.21649484536082475,9.750695696420054
2231,4,8.949000772970521,0.1979381443298969,8.949000772970521
2232,80,9.059000746921104,0.2597938144329897,9.059000746921104
2232,84,9.546604926161194,0.21443298969072164,9.546604926161194
2233,89,8.363999488424673,0.22061855670103092,8.363999488424673
2233,31,8.906853484164806,0.24742268041237114,8.906853484164806
2234,57,9.74287860972503,0.1979381443298969,9.74287860972503
2234,24,9.327748283845875,0.2,9.327748283845875
2235,5,5.185495867210406,0.19175257731958764,5.185495867210406
2235,99,8.743021632885906,0.17525773195876287,8.743021632885906
2236,64,9.30266180569432,0.20412371134020618,9.30266180569432
2236,99,8.619954007326715,0.18556701030927836,8.619954007326715
2237,49,9.448374009794943,0.2515463917525773,9.448374009794943
2237,61,10.029719572179088,0.2020618556701031,10.029719572179088
2238,55,9.113237130202258,0.15463917525773196,9.113237130202258
2238,97,7.420862235671772,0.15670103092783505,7.420862235671772
2239,82,9.784342609031624,0.24123711340206186,9.784342609031624
2239,47,8.633120173871347,0.1958762886597938,8.633120173871347
2240,42,9.306651044122306,0.20824742268041238,9.306651044122306
2240,8,8.115974202222684,0.18969072164948453,8.115974202222684
2241,5,7.479547706088141,0.14432989690721648,7.479547706088141
2241,6,6.61364570180805,0.27422680412371137,6.61364570180805
2242,35,8.822333740046798,0.19381443298969073,8.822333740046798
2242,88,9.225024941025623,0.24742268041237114,9.225024941025623
2243,7,9.396812298382189,0.2309278350515464,9.396812298382189
2243,65,9.85328369513168,0.2536082474226804,9.85328369513168
2244,48,8.896848900830337,0.1979381443298969,8.896848900830337
2244,27,7.839405447970492,0.17525773195876287,7.839405447970492
2245,35,9.196898428252592,0.21443298969072164,9.196898428252592
2245,67,8.992276468814183,0.2329896907216495,8.992276468814183
2246,27,8.450699819096883,0.2020618556701031,8.450699819096883
2246,9,9.958467404200617,0.21855670103092784,9.958467404200617
2247,43,7.370985976350581,0.18762886597938144,7.370985976350581
2247,31,9.476677007747707,0.13402061855670103,9.476677007747707
2248,28,9.125700654902369,0.17525773195876287,9.125700654902369
2248,64,6.309834122927756,0.14432989690721648,6.309834122927756
2249,18,8.76896196844065,0.15463917525773196,8.76896196844065
2249,60,8.640474635543459,0.21649484536082475,8.640474635543459
2250,4,9.808463108242735,0.17938144329896907,9.808463108242735
2250,44,9.5092412324672,0.18556701030927836,9.5092412324672
2251,13,8.143471331708215,0.14845360824742268,8.143471331708215
2251,30,9.086354086145697,0.15463917525773196,9.086354086145697
2252,6,7.393562183048774,0.1731958762886598,7.393562183048774
2252,68,9.205746590131053,0.18762886597938144,9.205746590131053
2253,60,9.853350802685158,0.16494845360824742,9.853350802685158
2253,91,8.771917825980035,0.2597938144329897,8.771917825980035
2254,13,7.907101182488333,0.16082474226804125,7.907101182488333
2254,18,9.295474682322116,0.2,9.295474682322116
2255,67,9.647243844451951,0.17525773195876287,9.647243844451951
2255,49,9.478322514602688,0.21237113402061855,9.478322514602688
2256,6,9.894754267753678,0.1731958762886598,9.894754267753678
2256,8,8.332568166182353,0.2,8.332568166182353
2257,19,8.31527352873005,0.13814432989690723,8.31527352873005
2257,30,7.850495745408936,0.17938144329896907,7.850495745408936
2258,18,5.411271394925125,0.18556701030927836,5.411271394925125
2258,44,4.397253958428134,0.16907216494845362,4.397253958428134
2259,99,8.382141132592862,0.1711340206185567,8.382141132592862
2259,22,9.395507755364461,0.2,9.395507755364461
2260,24,7.113481684731949,0.23711340206185566,7.113481684731949
2260,22,8.933645144179476,0.20412371134020618,8.933645144179476
2261,32,8.97289669828999,0.2020618556701031,8.97289669828999
2261,20,9.121522863651249,0.2329896907216495,9.121522863651249
2262,42,9.230920204766509,0.23711340206185566,9.230920204766509
2262,98,9.53936847669118,0.20618556701030927,9.53936847669118
2263,20,9.09827145703496,0.2288659793814433,9.09827145703496
2263,33,9.443175116952109,0.22268041237113403,9.443175116952109
2264,80,9.346423100515231,0.1731958762886598,9.346423100515231
2264,35,9.122418812377779,0.16288659793814433,9.122418812377779
2265,30,8.948687936328902,0.2288659793814433,8.948687936328902
2265,47,9.737176065795483,0.22061855670103092,9.737176065795483
2266,5,9.314117043780303,0.2309278350515464,9.314117043780303
2266,27,9.256351547210281,0.2,9.256351547210281
2267,35,9.534801932184552,0.21443298969072164,9.534801932184552
2267,65,9.449634948197014,0.2288659793814433,9.449634948197014
2268,96,9.296228844720082,0.1731958762886598,9.296228844720082
2268,20,9.13735062245728,0.17938144329896907,9.13735062245728
2269,13,9.293278084898823,0.2268041237113402,9.293278084898823
2269,80,8.64576121479929,0.18350515463917524,8.64576121479929
2270,68,8.75035089471325,0.15257731958762888,8.75035089471325
2270,90,9.166372906517694,0.20412371134020618,9.166372906517694
2271,18,9.409263751573464,0.21237113402061855,9.409263751573464
2271,99,7.815628437058617,0.177319587628866,7.815628437058617
2272,64,9.229300700231356,0.20824742268041238,9.229300700231356
2272,96,8.831620222935253,0.23917525773195877,8.831620222935253
2273,99,9.49755528635878,0.15876288659793814,9.49755528635878
2273,85,7.888573471303273,0.2288659793814433,7.888573471303273
2274,89,9.291725464817358,0.24536082474226803,9.291725464817358
2274,21,9.430431737723042,0.24329896907216494,9.430431737723042
2275,90,10.267693414347857,0.15257731958762888,10.267693414347857
2275,83,8.969029676659323,0.2309278350515464,8.969029676659323
2276,80,9.623572546048258,0.18144329896907216,9.623572546048258
2276,25,10.043501345644772,0.1979381443298969,10.043501345644772
2277,8,8.87988212115327,0.27422680412371137,8.87988212115327
2277,20,9.27381671434528,0.2515463917525773,9.27381671434528
2278,80,9.965597367266959,0.18762886597938144,9.965597367266959
2278,67,8.723679495214553,0.24329896907216494,8.723679495214553
2279,35,8.79241759418303,0.2329896907216495,8.79241759418303
2279,53,9.457576423145495,0.20824742268041238,9.457576423145495
2280,91,9.276602168687447,0.24536082474226803,9.276602168687447
2280,94,7.766191288656953,0.2515463917525773,7.766191288656953
2281,43,9.813690320584147,0.1711340206185567,9.813690320584147
2281,20,8.69802579818745,0.21443298969072164,8.69802579818745
2282,42,7.75443883469195,0.2020618556701031,7.75443883469195
2282,84,8.416149159933164,0.2,8.416149159933164
2283,44,9.4676285566339,0.1958762886597938,9.4676285566339
2283,89,9.10272222034245,0.17525773195876287,9.10272222034245
2284,84,9.777659394860809,0.15051546391752577,9.777659394860809
2284,35,9.33250074468136,0.2268041237113402,9.33250074468136
2285,85,9.065432917085152,0.21649484536082475,9.065432917085152
2285,71,8.362075151978631,0.2309278350515464,8.362075151978631
2286,57,9.097041223708397,0.20824742268041238,9.097041223708397
2286,74,8.201679488869274,0.27010309278350514,8.201679488869274
2287,74,9.591753936206914,0.21237113402061855,9.591753936206914
2287,28,9.542679474397707,0.23917525773195877,9.542679474397707
2288,7,9.39112640532286,0.18144329896907216,9.39112640532286
2288,65,9.250823917825448,0.24329896907216494,9.250823917825448
2289,13,8.848013669009188,0.18762886597938144,8.848013669009188
2289,10,7.68666160057777,0.23505154639175257,7.68666160057777
2290,36,9.194296337645074,0.20412371134020618,9.194296337645074
2290,4,10.088086339080515,0.24329896907216494,10.088086339080515
2291,20,9.226585648360736,0.22268041237113403,9.226585648360736
2291,14,8.66482809003717,0.1711340206185567,8.66482809003717
2292,88,8.39942855437458,0.13814432989690723,8.39942855437458
2292,28,7.1363088775852805,0.16082474226804125,7.1363088775852805
2293,42,8.967247779792798,0.27835051546391754,8.967247779792798
2293,48,9.055457019896892,0.16494845360824742,9.055457019896892
2294,10,8.446335699966967,0.1670103092783505,8.446335699966967
2294,22,8.416488352438959,0.2309278350515464,8.416488352438959
2295,48,7.900844978335023,0.18762886597938144,7.900844978335023
2295,78,7.423578530444354,0.22474226804123712,7.423578530444354
2296,32,9.461309863469317,0.1670103092783505,9.461309863469317
2296,66,9.013498021112063,0.2536082474226804,9.013498021112063
2297,24,8.533925305353527,0.20618556701030927,8.533925305353527
2297,68,8.17757095643138,0.21030927835051547,8.17757095643138
2298,78,8.32907183219734,0.17525773195876287,8.32907183219734
2298,22,7.5202663427070355,0.17938144329896907,7.5202663427070355
2299,87,7.457424185486589,0.19175257731958764,7.457424185486589
2299,82,6.6420849382534985,0.2020618556701031,6.6420849382534985
2300,28,9.770885284792614,0.2309278350515464,9.770885284792614
2300,96,9.061806850650713,0.26804123711340205,9.061806850650713
2301,97,9.742293800370133,0.2268041237113402,9.742293800370133
2301,22,9.570580875121827,0.23711340206185566,9.570580875121827
2302,24,9.423872943308238,0.19175257731958764,9.423872943308238
2302,14,8.764440442803386,0.17525773195876287,8.764440442803386
2303,22,7.89262587517345,0.2020618556701031,7.89262587517345
2303,47,9.156575300722263,0.19381443298969073,9.156575300722263
2304,94,8.783261891373769,0.2329896907216495,8.783261891373769
2304,17,9.457496168847607,0.18144329896907216,9.457496168847607
2305,57,8.912227572905266,0.18762886597938144,8.912227572905266
2305,35,9.089345482550984,0.18350515463917524,9.089345482550984
2306,64,8.500494217362851,0.17525773195876287,8.500494217362851
2306,15,9.026239933448368,0.177319587628866,9.026239933448368
2307,6,8.666125096720625,0.27422680412371137,8.666125096720625
2307,61,8.679675199075437,0.18969072164948453,8.679675199075437
2308,40,9.287048693153238,0.22268041237113403,9.287048693153238
2308,25,7.691272634286255,0.13814432989690723,7.691272634286255
2309,10,9.317349530704075,0.24536082474226803,9.317349530704075
2309,31,8.943396671471728,0.2268041237113402,8.943396671471728
2310,19,8.490650876676087,0.1979381443298969,8.490650876676087
2310,65,8.576585160813345,0.20412371134020618,8.576585160813345
2311,88,9.59979365852721,0.22474226804123712,9.59979365852721
2311,8,8.838801776288667,0.16494845360824742,8.838801776288667
2312,8,7.337835551376055,0.1670103092783505,7.337835551376055
2312,7,9.659817097205043,0.18969072164948453,9.659817097205043
2313,6,9.373638833582419,0.2288659793814433,9.373638833582419
2313,83,9.15450101890199,0.20618556701030927,9.15450101890199
2314,87,9.720401107486571,0.2288659793814433,9.720401107486571
2314,66,8.576555789518158,0.2556701030927835,8.576555789518158
2315,20,8.806608180023568,0.24742268041237114,8.806608180023568
2315,53,9.70255280223762,0.2618556701030928,9.70255280223762
2316,68,7.98216851270865,0.15051546391752577,7.98216851270865
2316,14,7.565531970702046,0.2556701030927835,7.565531970702046
2317,71,9.57162182849977,0.18762886597938144,9.57162182849977
2317,31,8.307534348379564,0.2020618556701031,8.307534348379564
2318,19,7.3208202679302765,0.19175257731958764,7.3208202679302765
2318,57,9.353887760592137,0.17525773195876287,9.353887760592137
2319,67,9.658204075742757,0.18144329896907216,9.658204075742757
2319,91,8.6177571512532,0.20412371134020618,8.6177571512532
2320,22,6.8900161012903265,0.20824742268041238,6.8900161012903265
2320,89,9.631210843629493,0.24536082474226803,9.631210843629493
2321,94,8.92459880149102,0.23505154639175257,8.92459880149102
2321,96,8.22834258077598,0.17938144329896907,8.22834258077598
2322,27,7.965116192001103,0.15463917525773196,7.965116192001103
2322,17,8.684212868299472,0.2329896907216495,8.684212868299472
2323,49,9.618461891009972,0.21443298969072164,9.618461891009972
2323,89,9.160308561636732,0.18762886597938144,9.160308561636732
2324,8,9.237321624207448,0.19381443298969073,9.237321624207448
2324,89,9.404403473688467,0.22474226804123712,9.404403473688467
2325,27,9.664504094005073,0.1731958762886598,9.664504094005073
2325,20,7.8079551420157705,0.2329896907216495,7.8079551420157705
2326,94,9.02967039220898,0.20412371134020618,9.02967039220898
2326,47,9.87804848545656,0.24742268041237114,9.87804848545656
2327,54,8.93699964148526,0.2,8.93699964148526
2327,9,9.500305736052672,0.28865979381443296,9.500305736052672
2328,20,9.87733391611061,0.23711340206185566,9.87733391611061
2328,30,8.054431331385722,0.177319587628866,8.054431331385722
2329,23,9.22109392956777,0.13814432989690723,9.22109392956777
2329,84,9.685868465907376,0.2020618556701031,9.685868465907376
2330,22,9.183458720032732,0.2824742268041237,9.183458720032732
2330,23,8.983258515618775,0.2865979381443299,8.983258515618775
2331,2,7.925146464652504,0.18350515463917524,7.925146464652504
2331,100,9.828158751552648,0.15670103092783505,9.828158751552648
2332,25,8.504508315674192,0.23917525773195877,8.504508315674192
2332,81,9.026953465683043,0.22061855670103092,9.026953465683043
2333,83,9.644737386778301,0.21649484536082475,9.644737386778301
2333,5,9.374584735094915,0.23711340206185566,9.374584735094915
2334,82,10.040070143891061,0.20618556701030927,10.040070143891061
2334,35,7.694732644715136,0.15876288659793814,7.694732644715136
2335,25,8.128050509388569,0.21443298969072164,8.128050509388569
2335,5,8.745687946056494,0.18969072164948453,8.745687946056494
2336,68,8.968102491145267,0.17938144329896907,8.968102491145267
2336,25,7.477905915756098,0.25773195876288657,7.477905915756098
2337,61,9.824578638242482,0.25773195876288657,9.824578638242482
2337,42,9.815686663651496,0.18762886597938144,9.815686663651496
2338,35,9.36163456812353,0.2618556701030928,9.36163456812353
2338,81,8.856559767969369,0.17525773195876287,8.856559767969369
2339,64,9.87626156121443,0.16494845360824742,9.87626156121443
2339,13,9.086216932863659,0.24742268041237114,9.086216932863659
2340,66,8.731657811092811,0.23917525773195877,8.731657811092811
2340,57,9.042488736742508,0.2020618556701031,9.042488736742508
2341,99,9.322066316216548,0.16082474226804125,9.322066316216548
2341,7,9.1333513585247,0.24536082474226803,9.1333513585247
2342,7,9.635400595949502,0.21030927835051547,9.635400595949502
2342,35,8.598387206330088,0.22268041237113403,8.598387206330088
2343,9,9.381922030412191,0.2618556701030928,9.381922030412191
2343,73,9.917152226516814,0.16494845360824742,9.917152226516814
2344,30,7.8797978509966065,0.1958762886597938,7.8797978509966065
2344,35,8.17518739866174,0.23917525773195877,8.17518739866174
2345,25,6.207818333247204,0.14845360824742268,6.207818333247204
2345,85,8.387043352460758,0.17938144329896907,8.387043352460758
2346,14,8.919001645148068,0.2536082474226804,8.919001645148068
2346,48,9.732421763319076,0.21030927835051547,9.732421763319076
2347,78,8.977270949361579,0.24742268041237114,8.977270949361579
2347,76,9.705859644784297,0.21237113402061855,9.705859644784297
2348,6,9.06665678676595,0.21649484536082475,9.06665678676595
2348,27,7.822478170822671,0.19381443298969073,7.822478170822671
2349,14,8.629906824018827,0.2618556701030928,8.629906824018827
2349,68,9.439236704621594,0.22474226804123712,9.439236704621594
2350,91,9.637308661204402,0.21443298969072164,9.637308661204402
2350,23,9.171229203291745,0.18144329896907216,9.171229203291745
2351,15,8.18903224336249,0.2639175257731959,8.18903224336249
2351,13,8.563169867680296,0.12577319587628866,8.563169867680296
2352,83,7.707388196134689,0.1731958762886598,7.707388196134689
2352,61,9.438072818874934,0.24948453608247423,9.438072818874934
2353,85,9.68716160344602,0.21237113402061855,9.68716160344602
2353,40,9.540588879056445,0.18969072164948453,9.540588879056445
2354,5,8.847104099911395,0.24948453608247423,8.847104099911395
2354,61,9.52472603356813,0.24536082474226803,9.52472603356813
2355,40,9.39485537040825,0.19175257731958764,9.39485537040825
2355,51,8.812784903169977,0.27835051546391754,8.812784903169977
2356,16,9.89450727323374,0.20618556701030927,9.89450727323374
2356,89,8.669505668981394,0.15876288659793814,8.669505668981394
2357,89,8.514366150685069,0.1979381443298969,8.514366150685069
2357,49,9.265870559990312,0.18762886597938144,9.265870559990312
2358,83,9.202311509025135,0.16907216494845362,9.202311509025135
2358,23,9.158630005301536,0.22268041237113403,9.158630005301536
2359,1,9.800226802501198,0.2309278350515464,9.800226802501198
2359,59,8.465767504822903,0.17525773195876287,8.465767504822903
2360,5,8.292968540913458,0.27422680412371137,8.292968540913458
2360,94,8.976796796335076,0.2515463917525773,8.976796796335076
2361,71,8.778534602966788,0.22268041237113403,8.778534602966788
2361,74,9.586058302442039,0.25773195876288657,9.586058302442039
2362,88,9.336802396261673,0.24948453608247423,9.336802396261673
2362,16,10.213388850739674,0.18969072164948453,10.213388850739674
2363,2,9.034710163353859,0.20824742268041238,9.034710163353859
2363,81,8.433233393517906,0.17938144329896907,8.433233393517906
2364,31,7.686772575918133,0.22268041237113403,7.686772575918133
2364,81,7.3380811922638065,0.29690721649484536,7.3380811922638065
2365,59,6.894565359299857,0.2329896907216495,6.894565359299857
2365,14,6.004026115321009,0.177319587628866,6.004026115321009
2366,21,9.21762227174949,0.1670103092783505,9.21762227174949
2366,32,9.132184413916884,0.15463917525773196,9.132184413916884
2367,89,9.682027899333656,0.1731958762886598,9.682027899333656
2367,66,8.506720751485917,0.2309278350515464,8.506720751485917
2368,83,9.721528707116956,0.2020618556701031,9.721528707116956
2368,68,9.95714363191599,0.21237113402061855,9.95714363191599
2369,96,8.679907471463732,0.16082474226804125,8.679907471463732
2369,65,7.591745214881939,0.18762886597938144,7.591745214881939
2370,74,9.240296569714864,0.20824742268041238,9.240296569714864
2370,95,8.823549667518257,0.21855670103092784,8.823549667518257
2371,78,8.951579390998292,0.21855670103092784,8.951579390998292
2371,23,9.735542372752754,0.18762886597938144,9.735542372752754
2372,17,9.720376045678378,0.2020618556701031,9.720376045678378
2372,54,8.767161589417567,0.2536082474226804,8.767161589417567
2373,65,9.443644799695923,0.24329896907216494,9.443644799695923
2373,24,9.458347091907543,0.24742268041237114,9.458347091907543
2374,71,9.264541685490398,0.25773195876288657,9.264541685490398
2374,10,8.277754500388987,0.2948453608247423,8.277754500388987
2375,65,9.78411595165698,0.24329896907216494,9.78411595165698
2375,42,9.487450103049563,0.2288659793814433,9.487450103049563
2376,25,7.630423193906482,0.16288659793814433,7.630423193906482
2376,19,8.23069876284328,0.2556701030927835,8.23069876284328
2377,19,8.49742682435361,0.24329896907216494,8.49742682435361
2377,6,9.173124552060658,0.23917525773195877,9.173124552060658
2378,19,9.991124293375725,0.19381443298969073,9.991124293375725
2378,51,8.399060192492234,0.2329896907216495,8.399060192492234
2379,59,9.229581330863391,0.2618556701030928,9.229581330863391
2379,67,9.207508526586894,0.27010309278350514,9.207508526586894
2380,25,9.473709167479313,0.17525773195876287,9.473709167479313
2380,57,9.336661354909305,0.18144329896907216,9.336661354909305
2381,10,9.81365316861045,0.20618556701030927,9.81365316861045
2381,51,7.714035464188974,0.18762886597938144,7.714035464188974
2382,99,8.387142072356104,0.25773195876288657,8.387142072356104
2382,91,9.346273340424212,0.2,9.346273340424212
2383,32,7.036766366878652,0.3030927835051546,7.036766366878652
2383,8,7.850351123054615,0.19175257731958764,7.850351123054615
2384,30,9.386966928818707,0.2329896907216495,9.386966928818707
2384,40,9.319011778915028,0.21855670103092784,9.319011778915028
2385,42,9.00463031383719,0.2329896907216495,9.00463031383719
2385,87,9.742073832164344,0.1731958762886598,9.742073832164344
2386,74,9.818276550903436,0.18762886597938144,9.818276550903436
2386,28,8.775333671300363,0.17525773195876287,8.775333671300363
2387,8,8.872050113366898,0.25773195876288657,8.872050113366898
2387,13,9.934661171011985,0.15463917525773196,9.934661171011985
2388,35,9.559418126160619,0.16907216494845362,9.559418126160619
2388,54,9.391706930116642,0.21443298969072164,9.391706930116642
2389,88,9.895338424136941,0.21030927835051547,9.895338424136941
2389,98,9.014053896854394,0.1958762886597938,9.014053896854394
2390,40,9.96961529416671,0.20412371134020618,9.96961529416671
2390,57,9.12264078538768,0.18762886597938144,9.12264078538768
2391,15,7.8784404662816385,0.2329896907216495,7.8784404662816385
2391,76,8.731499751585753,0.19381443298969073,8.731499751585753
2392,15,9.057942102548996,0.177319587628866,9.057942102548996
2392,55,8.603080899134772,0.24329896907216494,8.603080899134772
2393,54,8.94028250298367,0.14432989690721648,8.94028250298367
2393,25,9.98161752271736,0.2,9.98161752271736
2394,99,9.332640129488576,0.16907216494845362,9.332640129488576
2394,2,8.303976185680083,0.1979381443298969,8.303976185680083
2395,5,8.455426944617965,0.21855670103092784,8.455426944617965
2395,76,8.881760153058366,0.2,8.881760153058366
2396,51,8.98334850583224,0.16907216494845362,8.98334850583224
2396,36,7.6318697142498735,0.2288659793814433,7.6318697142498735
2397,51,7.595910329509892,0.1711340206185567,7.595910329509892
2397,30,7.19265062525674,0.24123711340206186,7.19265062525674
2398,24,8.015542856005744,0.20412371134020618,8.015542856005744
2398,44,7.654376086844064,0.20824742268041238,7.654376086844064
2399,27,9.641806685915874,0.22061855670103092,9.641806685915874
2399,9,9.211123508407612,0.29690721649484536,9.211123508407612
2400,66,9.310912397612492,0.25773195876288657,9.310912397612492
2400,99,8.478481394832713,0.22268041237113403,8.478481394832713
2401,6,9.142892171690443,0.18144329896907216,9.142892171690443
2401,89,9.668341012992673,0.20824742268041238,9.668341012992673
2402,31,8.168391874975525,0.19381443298969073,8.168391874975525
2402,78,8.338768750952031,0.20824742268041238,8.338768750952031
2403,51,6.020413577515797,0.16082474226804125,6.020413577515797
2403,71,9.022167752860005,0.22474226804123712,9.022167752860005
2404,44,8.671918099624714,0.1958762886597938,8.671918099624714
2404,99,9.39919437569921,0.177319587628866,9.39919437569921
2405,31,9.700569901956191,0.1958762886597938,9.700569901956191
2405,42,9.011354804513816,0.20618556701030927,9.011354804513816
2406,30,10.080317465515312,0.23711340206185566,10.080317465515312
2406,99,8.222044627461466,0.2597938144329897,8.222044627461466
2407,94,8.912484691969329,0.22061855670103092,8.912484691969329
2407,17,9.433672690500533,0.19381443298969073,9.433672690500533
2408,22,8.643023641371496,0.1711340206185567,8.643023641371496
2408,89,8.328969358648305,0.2309278350515464,8.328969358648305
2409,53,9.962231791743957,0.21443298969072164,9.962231791743957
2409,1,9.962738759670605,0.22061855670103092,9.962738759670605
2410,32,9.065971593881597,0.18556701030927836,9.065971593881597
2410,42,7.328372778390502,0.2288659793814433,7.328372778390502
2411,99,9.611611964829258,0.24948453608247423,9.611611964829258
2411,59,8.666954816147202,0.22474226804123712,8.666954816147202
2412,17,8.992237968864323,0.18969072164948453,8.992237968864323
2412,10,9.559315400741248,0.18556701030927836,9.559315400741248
2413,65,9.643597329927115,0.2515463917525773,9.643597329927115
2413,60,8.025955388914982,0.1711340206185567,8.025955388914982
2414,14,9.226799490943032,0.23917525773195877,9.226799490943032
2414,91,8.889064097010712,0.23917525773195877,8.889064097010712
2415,24,8.526953727908564,0.25773195876288657,8.526953727908564
2415,44,8.352669215110817,0.14845360824742268,8.352669215110817
2416,44,8.462049470266761,0.21030927835051547,8.462049470266761
2416,99,9.246155400101818,0.2288659793814433,9.246155400101818
2417,51,9.745551511119121,0.22268041237113403,9.745551511119121
2417,32,8.337152560761954,0.22061855670103092,8.337152560761954
2418,76,9.39328952121443,0.18969072164948453,9.39328952121443
2418,73,9.044807706201357,0.21443298969072164,9.044807706201357
2419,27,8.910205801323306,0.21030927835051547,8.910205801323306
2419,19,8.548217689369288,0.26597938144329897,8.548217689369288
2420,66,8.45540483312191,0.2721649484536082,8.45540483312191
2420,38,10.107653450695022,0.18762886597938144,10.107653450695022
2421,66,8.659573008602095,0.26804123711340205,8.659573008602095
2421,19,9.409519636096174,0.2845360824742268,9.409519636096174
2422,36,10.180189888328918,0.1958762886597938,10.180189888328918
2422,59,8.596480013694498,0.1711340206185567,8.596480013694498
2423,60,7.961507354960141,0.15257731958762888,7.961507354960141
2423,8,8.825501877654252,0.21855670103092784,8.825501877654252
2424,10,7.889118578959188,0.16494845360824742,7.889118578959188
2424,51,7.715450597796377,0.18556701030927836,7.715450597796377
2425,96,9.121587859333768,0.20618556701030927,9.121587859333768
2425,23,9.60346538999878,0.21030927835051547,9.60346538999878
2426,24,8.292726020328699,0.14845360824742268,8.292726020328699
2426,71,9.29409887747922,0.2,9.29409887747922
2427,19,9.273688919127602,0.21237113402061855,9.273688919127602
2427,79,9.409341735386695,0.2020618556701031,9.409341735386695
2428,98,8.714395503052005,0.18144329896907216,8.714395503052005
2428,57,7.665913333371702,0.16082474226804125,7.665913333371702
2429,24,8.047959899918395,0.2329896907216495,8.047959899918395
2429,49,9.7467612971093,0.2309278350515464,9.7467612971093
2430,10,8.98168665079554,0.1979381443298969,8.98168665079554
2430,24,9.17390733135688,0.24123711340206186,9.17390733135688
2431,57,9.798786816360849,0.24123711340206186,9.798786816360849
2431,49,8.276932816146635,0.18350515463917524,8.276932816146635
2432,10,7.3765536523070185,0.23505154639175257,7.3765536523070185
2432,7,9.025582991833561,0.16082474226804125,9.025582991833561
2433,28,8.796250996731942,0.16494845360824742,8.796250996731942
2433,94,6.725144483030803,0.16288659793814433,6.725144483030803
2434,55,9.37019898132157,0.19175257731958764,9.37019898132157
2434,77,9.420398845381017,0.2020618556701031,9.420398845381017
2435,42,9.379784992533372,0.23917525773195877,9.379784992533372
2435,19,9.526540673694788,0.2020618556701031,9.526540673694788
2436,2,9.480945217284232,0.1731958762886598,9.480945217284232
2436,59,5.111479727076622,0.18762886597938144,5.111479727076622
2437,15,8.569862390953173,0.17938144329896907,8.569862390953173
2437,42,9.564382956944648,0.177319587628866,9.564382956944648
2438,99,9.323195311837374,0.1958762886597938,9.323195311837374
2438,48,9.007517456362855,0.19175257731958764,9.007517456362855
2439,32,9.235561675513003,0.23917525773195877,9.235561675513003
2439,5,9.463657538022428,0.21855670103092784,9.463657538022428
2440,94,9.545311351442082,0.22268041237113403,9.545311351442082
2440,44,9.209532649475843,0.19175257731958764,9.209532649475843
2441,8,8.972592911580884,0.1422680412371134,8.972592911580884
2441,71,7.637986056975579,0.25773195876288657,7.637986056975579
2442,48,9.693655765265078,0.21649484536082475,9.693655765265078
2442,87,8.758676843081082,0.16494845360824742,8.758676843081082
2443,32,9.184820160922394,0.20618556701030927,9.184820160922394
2443,33,9.940717155601645,0.18556701030927836,9.940717155601645
2444,10,9.021666589714753,0.24123711340206186,9.021666589714753
2444,91,8.049923785305904,0.2020618556701031,8.049923785305904
2445,99,9.298776358390839,0.24329896907216494,9.298776358390839
2445,76,9.486414101750483,0.25773195876288657,9.486414101750483
2446,49,9.79921729114154,0.2020618556701031,9.79921729114154
2446,78,9.642482514088472,0.22061855670103092,9.642482514088472
2447,66,9.029628944946042,0.16494845360824742,9.029628944946042
2447,67,9.060174577683334,0.23711340206185566,9.060174577683334
2448,96,9.23423543967408,0.15051546391752577,9.23423543967408
2448,18,9.25815333400937,0.17938144329896907,9.25815333400937
2449,51,8.358094318611254,0.1711340206185567,8.358094318611254
2449,87,9.47103089380625,0.23711340206185566,9.47103089380625
2450,17,8.835447929940361,0.15876288659793814,8.835447929940361
2450,7,7.117580527785483,0.20824742268041238,7.117580527785483
2451,71,9.28606047050185,0.24948453608247423,9.28606047050185
2451,73,9.26687593153626,0.15670103092783505,9.26687593153626
2452,27,8.52017782945651,0.24123711340206186,8.52017782945651
2452,48,8.571903389547364,0.2804123711340206,8.571903389547364
2453,27,9.575114311923365,0.24536082474226803,9.575114311923365
2453,48,9.609038532745473,0.16288659793814433,9.609038532745473
2454,15,8.009784565972746,0.177319587628866,8.009784565972746
2454,9,9.283496786460672,0.1958762886597938,9.283496786460672
2455,2,7.525355351926335,0.177319587628866,7.525355351926335
2455,48,6.827777327397912,0.21855670103092784,6.827777327397912
2456,6,9.88783740443786,0.18556701030927836,9.88783740443786
2456,21,9.254506947496923,0.17938144329896907,9.254506947496923
2457,100,8.688078059148605,0.18350515463917524,8.688078059148605
2457,47,8.13387784480853,0.1670103092783505,8.13387784480853
2458,17,9.527571368353597,0.20618556701030927,9.527571368353597
2458,8,9.346033278922281,0.2329896907216495,9.346033278922281
2459,76,9.382976873596723,0.17938144329896907,9.382976873596723
2459,86,7.906305219499583,0.12164948453608247,7.906305219499583
2460,15,8.144559294550865,0.22268041237113403,8.144559294550865
2460,10,9.214594734358293,0.24742268041237114,9.214594734358293
2461,73,7.497465013323715,0.19175257731958764,7.497465013323715
2461,23,8.123446606871541,0.26597938144329897,8.123446606871541
2462,7,9.441243406891425,0.21237113402061855,9.441243406891425
2462,35,9.79924777686172,0.16288659793814433,9.79924777686172
2463,95,7.079042220899274,0.18556701030927836,7.079042220899274
2463,18,7.824969417890277,0.24123711340206186,7.824969417890277
2464,86,9.590602277952975,0.24123711340206186,9.590602277952975
2464,89,6.792169930240778,0.24948453608247423,6.792169930240778
2465,44,9.495678862255755,0.1958762886597938,9.495678862255755
2465,87,10.112890601222754,0.2329896907216495,10.112890601222754
2466,47,8.955566828079666,0.20618556701030927,8.955566828079666
2466,51,9.189554670530704,0.18969072164948453,9.189554670530704
2467,15,9.71447902626215,0.1958762886597938,9.71447902626215
2467,28,9.332016525638991,0.26597938144329897,9.332016525638991
2468,22,9.104791029883556,0.2515463917525773,9.104791029883556
2468,79,10.036919762072598,0.21443298969072164,10.036919762072598
2469,61,7.365053422065195,0.18144329896907216,7.365053422065195
2469,86,8.403944749325897,0.15463917525773196,8.403944749325897
2470,91,8.077919845081187,0.23917525773195877,8.077919845081187
2470,55,8.594341369146335,0.18556701030927836,8.594341369146335
2471,10,9.40838961764344,0.20412371134020618,9.40838961764344
2471,96,9.466914226702443,0.19381443298969073,9.466914226702443
2472,77,9.299693279691164,0.2,9.299693279691164
2472,92,8.767843187476705,0.15463917525773196,8.767843187476705
2473,24,9.009966678419568,0.22474226804123712,9.009966678419568
2473,77,8.158688194602902,0.2,8.158688194602902
2474,48,9.063500133203906,0.2824742268041237,9.063500133203906
2474,67,7.760889365874331,0.15463917525773196,7.760889365874331
2475,77,9.577991025346968,0.20618556701030927,9.577991025346968
2475,49,7.286987895242375,0.18762886597938144,7.286987895242375
2476,66,6.7116371254365825,0.2907216494845361,6.7116371254365825
2476,84,8.107300574399229,0.18762886597938144,8.107300574399229
2477,24,6.8861130917031925,0.177319587628866,6.8861130917031925
2477,71,7.916122669355545,0.17525773195876287,7.916122669355545
2478,47,9.170884302544183,0.15463917525773196,9.170884302544183
2478,22,9.433517518447008,0.2,9.433517518447008
2479,47,9.206643428516411,0.24123711340206186,9.206643428516411
2479,7,9.27418200741889,0.24742268041237114,9.27418200741889
2480,24,9.446859342353966,0.27628865979381445,9.446859342353966
2480,55,8.643554566246252,0.25773195876288657,8.643554566246252
2481,95,9.71685276577096,0.2020618556701031,9.71685276577096
2481,18,8.588741002289835,0.2288659793814433,8.588741002289835
2482,71,9.410278897392155,0.1711340206185567,9.410278897392155
2482,20,8.92513964587496,0.20412371134020618,8.92513964587496
2483,54,9.460973396724851,0.21443298969072164,9.460973396724851
2483,99,9.11805271833619,0.2597938144329897,9.11805271833619
2484,67,8.975753193254743,0.27010309278350514,8.975753193254743
2484,8,9.105665300064652,0.21855670103092784,9.105665300064652
2485,60,7.482972121959184,0.1731958762886598,7.482972121959184
2485,10,8.105071207904194,0.27628865979381445,8.105071207904194
2486,91,7.288361020176773,0.20412371134020618,7.288361020176773
2486,20,9.168987640405105,0.2824742268041237,9.168987640405105
2487,76,6.5086909624477425,0.21443298969072164,6.5086909624477425
2487,50,8.591104408603801,0.19175257731958764,8.591104408603801
2488,92,7.814862989366703,0.22474226804123712,7.814862989366703
2488,8,8.158011491904952,0.16494845360824742,8.158011491904952
2489,19,9.750887425805265,0.2845360824742268,9.750887425805265
2489,74,8.259960615231318,0.16907216494845362,8.259960615231318
2490,9,9.171114216344003,0.26804123711340205,9.171114216344003
2490,22,6.984011079559874,0.1958762886597938,6.984011079559874
2491,9,8.468950427477761,0.15670103092783505,8.468950427477761
2491,51,7.718159320956558,0.24329896907216494,7.718159320956558
2492,50,9.597292032858451,0.2020618556701031,9.597292032858451
2492,27,9.197963763012785,0.18556701030927836,9.197963763012785
2493,22,8.81128330704118,0.23505154639175257,8.81128330704118
2493,81,7.113515722667636,0.15876288659793814,7.113515722667636
2494,84,8.844986817075862,0.24948453608247423,8.844986817075862
2494,32,8.617166900856247,0.2309278350515464,8.617166900856247
2495,51,8.674637112840214,0.2020618556701031,8.674637112840214
2495,21,9.52242648563123,0.177319587628866,9.52242648563123
2496,48,9.327993909714337,0.2515463917525773,9.327993909714337
2496,28,9.685774055405952,0.25773195876288657,9.685774055405952
2497,50,9.42298577954304,0.2515463917525773,9.42298577954304
2497,28,8.720334365294649,0.18969072164948453,8.720334365294649
2498,74,8.94103959237834,0.21649484536082475,8.94103959237834
2498,98,7.636733732739322,0.17525773195876287,7.636733732739322
2499,22,8.505533859820455,0.27422680412371137,8.505533859820455
2499,48,9.765930775439813,0.22474226804123712,9.765930775439813
2500,66,9.747611586506263,0.19381443298969073,9.747611586506263
2500,12,7.875422005888557,0.2288659793814433,7.875422005888557
2501,71,8.172694776742585,0.2020618556701031,8.172694776742585
2501,17,8.820281079108822,0.13814432989690723,8.820281079108822
2502,92,8.943626002539272,0.2020618556701031,8.943626002539272
2502,10,9.33862285497652,0.27628865979381445,9.33862285497652
2503,32,9.49731732420306,0.24329896907216494,9.49731732420306
2503,28,9.402913874992135,0.2556701030927835,9.402913874992135
2504,59,8.224519213847467,0.20824742268041238,8.224519213847467
2504,73,8.540582425033307,0.23505154639175257,8.540582425033307
2505,8,9.524844231965725,0.20824742268041238,9.524844231965725
2505,21,8.988984594324934,0.25773195876288657,8.988984594324934
2506,73,8.025893833966956,0.1360824742268041,8.025893833966956
2506,5,7.605846811051523,0.16494845360824742,7.605846811051523
2507,12,8.24421078862762,0.1731958762886598,8.24421078862762
2507,100,8.814808757429724,0.1731958762886598,8.814808757429724
2508,60,9.064085291336033,0.2288659793814433,9.064085291336033
2508,73,8.929170826766136,0.2309278350515464,8.929170826766136
2509,61,8.900358443753696,0.2288659793814433,8.900358443753696
2509,67,7.777908699311,0.1731958762886598,7.777908699311
2510,76,9.655324117925128,0.16288659793814433,9.655324117925128
2510,18,8.8999237787794,0.23711340206185566,8.8999237787794
2511,86,9.501783476273994,0.21030927835051547,9.501783476273994
2511,51,8.407955876686911,0.20618556701030927,8.407955876686911
2512,49,10.246396321543047,0.22268041237113403,10.246396321543047
2512,59,8.109873614129292,0.21030927835051547,8.109873614129292
2513,50,8.5481867180227,0.23505154639175257,8.5481867180227
2513,15,7.73488937528313,0.18144329896907216,7.73488937528313
2514,59,9.890263617221121,0.2536082474226804,9.890263617221121
2514,9,9.326314032953022,0.21855670103092784,9.326314032953022
2515,100,9.1065557706894,0.1670103092783505,9.1065557706894
2515,10,8.631560142277028,0.1670103092783505,8.631560142277028
2516,50,9.132429239611977,0.17525773195876287,9.132429239611977
2516,76,8.539048840249439,0.2268041237113402,8.539048840249439
2517,73,8.967808969594525,0.19381443298969073,8.967808969594525
2517,47,8.37771533151189,0.1670103092783505,8.37771533151189
2518,89,8.881221622398407,0.20618556701030927,8.881221622398407
2518,12,9.680212840377,0.2329896907216495,9.680212840377
2519,44,9.12181859544687,0.16082474226804125,9.12181859544687
2519,86,9.185037006505045,0.2536082474226804,9.185037006505045
2520,15,8.205286566654307,0.1731958762886598,8.205286566654307
2520,28,8.997755666014546,0.18350515463917524,8.997755666014546
2521,18,9.326105743453683,0.22268041237113403,9.326105743453683
2521,74,9.934561599967529,0.20824742268041238,9.934561599967529
2522,5,7.587010638176307,0.18762886597938144,7.587010638176307
2522,98,8.883053743782312,0.19381443298969073,8.883053743782312
2523,51,9.498119533894332,0.2268041237113402,9.498119533894332
2523,60,8.027610703968724,0.23505154639175257,8.027610703968724
2524,17,9.02271581213973,0.2804123711340206,9.02271581213973
2524,21,9.34071547863861,0.21649484536082475,9.34071547863861
2525,74,9.994409972078302,0.18144329896907216,9.994409972078302
2525,68,8.885524864122532,0.2268041237113402,8.885524864122532
2526,23,8.838569485956612,0.1711340206185567,8.838569485956612
2526,100,10.039749488564707,0.1958762886597938,10.039749488564707
2527,15,8.031474133673342,0.16288659793814433,8.031474133673342
2527,22,7.965544966135557,0.32577319587628867,7.965544966135557
2528,60,6.853513464151581,0.16494845360824742,6.853513464151581
2528,15,6.516226558918876,0.16907216494845362,6.516226558918876
2529,24,8.814930545987583,0.177319587628866,8.814930545987583
2529,83,9.74322236684022,0.23505154639175257,9.74322236684022
2530,5,9.399478366025134,0.16494845360824742,9.399478366025134
2530,77,7.060009697850503,0.23711340206185566,7.060009697850503
2531,89,7.287329145756001,0.24536082474226803,7.287329145756001
2531,79,9.48912234933931,0.23711340206185566,9.48912234933931
2532,76,8.290515478089073,0.27422680412371137,8.290515478089073
2532,61,9.294242970234832,0.2309278350515464,9.294242970234832
2533,68,9.336186323227498,0.21649484536082475,9.336186323227498
2533,85,8.91049224088083,0.18350515463917524,8.91049224088083
2534,91,9.865796496751242,0.2288659793814433,9.865796496751242
2534,18,9.955792539922852,0.20618556701030927,9.955792539922852
2535,92,5.816762794292295,0.2268041237113402,5.816762794292295
2535,73,9.319349993749572,0.22474226804123712,9.319349993749572
2536,15,8.878864998677178,0.23917525773195877,8.878864998677178
2536,17,8.894030233954586,0.23711340206185566,8.894030233954586
2537,55,9.83925641248592,0.2268041237113402,9.83925641248592
2537,54,9.886353388732433,0.19175257731958764,9.886353388732433
2538,85,9.23378831383697,0.26804123711340205,9.23378831383697
2538,13,9.461539994062736,0.21237113402061855,9.461539994062736
2539,92,9.462591039585709,0.23917525773195877,9.462591039585709
2539,14,9.242789741127806,0.22268041237113403,9.242789741127806
2540,89,8.866462081629484,0.20824742268041238,8.866462081629484
2540,50,10.207574996099316,0.1979381443298969,10.207574996099316
2541,76,8.689503986993593,0.2268041237113402,8.689503986993593
2541,24,9.31452723111973,0.23917525773195877,9.31452723111973
2542,94,9.314449379561427,0.2556701030927835,9.314449379561427
2542,48,9.0232226406477,0.24123711340206186,9.0232226406477
2543,86,9.418192149737811,0.1958762886597938,9.418192149737811
2543,4,10.153725017564897,0.2329896907216495,10.153725017564897
2544,2,8.34212805753625,0.16494845360824742,8.34212805753625
2544,27,8.167963693651219,0.22268041237113403,8.167963693651219
2545,20,8.833199397578063,0.20412371134020618,8.833199397578063
2545,61,9.238106792399341,0.23711340206185566,9.238106792399341
2546,84,9.85893879569897,0.20824742268041238,9.85893879569897
2546,85,9.847500832604265,0.24742268041237114,9.847500832604265
2547,31,9.010127728003425,0.23711340206185566,9.010127728003425
2547,95,9.171831587340641,0.2536082474226804,9.171831587340641
2548,61,9.345406664809307,0.19175257731958764,9.345406664809307
2548,24,9.170399433379215,0.19175257731958764,9.170399433379215
2549,22,8.846170291332031,0.19175257731958764,8.846170291332031
2549,98,8.44890567771124,0.21443298969072164,8.44890567771124
2550,24,9.550587340746361,0.22268041237113403,9.550587340746361
2550,1,9.809336676308847,0.18556701030927836,9.809336676308847
2551,73,6.557522695283949,0.15876288659793814,6.557522695283949
2551,5,9.551557402125706,0.17938144329896907,9.551557402125706
2552,10,9.27097125917962,0.23711340206185566,9.27097125917962
2552,76,9.474726956714218,0.24329896907216494,9.474726956714218
2553,99,7.459939515491507,0.15463917525773196,7.459939515491507
2553,1,8.477534767197229,0.20618556701030927,8.477534767197229
2554,89,9.17717651880428,0.22474226804123712,9.17717651880428
2554,9,8.892885910938984,0.1731958762886598,8.892885910938984
2555,47,8.822089778424626,0.22061855670103092,8.822089778424626
2555,20,9.472104508091308,0.21443298969072164,9.472104508091308
2556,77,8.184463472727671,0.1711340206185567,8.184463472727671
2556,86,9.098372055335926,0.2309278350515464,9.098372055335926
2557,86,8.686595211530753,0.2556701030927835,8.686595211530753
2557,51,9.225914036853434,0.16082474226804125,9.225914036853434
2558,77,8.963953984112333,0.16907216494845362,8.963953984112333
2558,21,9.02242553533406,0.2020618556701031,9.02242553533406
2559,98,9.247683464530486,0.17525773195876287,9.247683464530486
2559,95,9.63716768362253,0.22061855670103092,9.63716768362253
2560,1,8.868744186874073,0.21030927835051547,8.868744186874073
2560,89,9.128145632728653,0.16494845360824742,9.128145632728653
2561,73,7.39239131332829,0.2,7.39239131332829
2561,81,9.218320111810854,0.17938144329896907,9.218320111810854
2562,60,9.168197869435149,0.1711340206185567,9.168197869435149
2562,23,9.560540866552207,0.15670103092783505,9.560540866552207
2563,92,8.265021432368082,0.23711340206185566,8.265021432368082
2563,42,9.50797533785725,0.2288659793814433,9.50797533785725
2564,21,9.544478403400397,0.1958762886597938,9.544478403400397
2564,79,9.150718323835932,0.24948453608247423,9.150718323835932
2565,99,8.328886213114338,0.15257731958762888,8.328886213114338
2565,92,9.269936221358781,0.2268041237113402,9.269936221358781
2566,9,9.582046438618354,0.24742268041237114,9.582046438618354
2566,28,9.300916393757133,0.23711340206185566,9.300916393757133
2567,57,9.010086832548582,0.2556701030927835,9.010086832548582
2567,56,3.6207518326705546,0.22474226804123712,3.6207518326705546
2568,71,4.6055524822901015,0.27010309278350514,4.6055524822901015
2568,15,9.549535679844789,0.22474226804123712,9.549535679844789
2569,73,9.483786563012462,0.24329896907216494,9.483786563012462
2569,24,9.066152643635906,0.24948453608247423,9.066152643635906
2570,10,9.424416905115468,0.20824742268041238,9.424416905115468
2570,19,9.434677858761999,0.27010309278350514,9.434677858761999
2571,24,9.311774197258877,0.23917525773195877,9.311774197258877
2571,14,9.083452452649922,0.15257731958762888,9.083452452649922
2572,32,9.851937216402138,0.22474226804123712,9.851937216402138
2572,65,7.88924437406001,0.14432989690721648,7.88924437406001
2573,99,9.281500578769649,0.21855670103092784,9.281500578769649
2573,77,9.273579897137102,0.2,9.273579897137102
2574,71,7.914699735362576,0.1958762886597938,7.914699735362576
2574,17,9.0764659557432,0.21030927835051547,9.0764659557432
2575,17,9.717041528304893,0.16288659793814433,9.717041528304893
2575,60,9.141295988732328,0.2515463917525773,9.141295988732328
2576,67,9.154740935879918,0.24742268041237114,9.154740935879918
2576,13,9.257487891430767,0.2639175257731959,9.257487891430767
2577,86,6.865806219751489,0.2309278350515464,6.865806219751489
2577,57,7.643878950514854,0.24329896907216494,7.643878950514854
2578,35,8.889556038790808,0.21030927835051547,8.889556038790808
2578,59,8.326293930291863,0.1731958762886598,8.326293930291863
2579,56,9.026396171489326,0.2865979381443299,9.026396171489326
2579,79,5.123209876577544,0.19175257731958764,5.123209876577544
2580,60,9.575534330807296,0.2268041237113402,9.575534330807296
2580,13,9.23485821635199,0.26597938144329897,9.23485821635199
2581,51,8.123684420175751,0.34845360824742266,8.123684420175751
2581,92,8.794209073234812,0.2865979381443299,8.794209073234812
2582,86,9.16855418795217,0.27010309278350514,9.16855418795217
2582,43,8.92503521654299,0.23505154639175257,8.92503521654299
2583,51,8.260465699450236,0.16082474226804125,8.260465699450236
2583,35,9.506648706504006,0.2,9.506648706504006
2584,79,9.09667085388418,0.2804123711340206,9.09667085388418
2584,71,7.587698902485025,0.2597938144329897,7.587698902485025
2585,44,5.302831645506686,0.1711340206185567,5.302831645506686
2585,68,8.960356302954134,0.2268041237113402,8.960356302954134
2586,10,10.109241620794611,0.24329896907216494,10.109241620794611
2586,96,9.398008038528127,0.17938144329896907,9.398008038528127
2587,89,10.010903842685602,0.21030927835051547,10.010903842685602
2587,19,9.953321579336102,0.20824742268041238,9.953321579336102
2588,44,8.979714741744836,0.2309278350515464,8.979714741744836
2588,59,9.235369178655331,0.21237113402061855,9.235369178655331
2589,5,9.730148658523522,0.23505154639175257,9.730148658523522
2589,17,8.991523977946443,0.20618556701030927,8.991523977946443
2590,55,8.757650934137692,0.24536082474226803,8.757650934137692
2590,6,6.809869492898921,0.15463917525773196,6.809869492898921
2591,92,9.84729736440121,0.16288659793814433,9.84729736440121
2591,47,8.930150086474828,0.23505154639175257,8.930150086474828
2592,47,8.953231063168767,0.16907216494845362,8.953231063168767
2592,9,9.35812173459874,0.22474226804123712,9.35812173459874
2593,2,9.539233338830778,0.20618556701030927,9.539233338830778
2593,98,9.522161867684057,0.22061855670103092,9.522161867684057
2594,79,9.621726776126094,0.18144329896907216,9.621726776126094
2594,84,9.13106356815013,0.19381443298969073,9.13106356815013
2595,71,9.676662402125494,0.2309278350515464,9.676662402125494
2595,76,9.16140327448936,0.21030927835051547,9.16140327448936
2596,67,8.901827137213605,0.21649484536082475,8.901827137213605
2596,66,10.173339006341667,0.21649484536082475,10.173339006341667
2597,55,8.212254671698348,0.19381443298969073,8.212254671698348
2597,12,8.21950225334401,0.18144329896907216,8.21950225334401
2598,73,9.234742010162144,0.2309278350515464,9.234742010162144
2598,42,10.198536093718262,0.20824742268041238,10.198536093718262
2599,12,7.854891991791643,0.20824742268041238,7.854891991791643
2599,76,9.843253898927106,0.21649484536082475,9.843253898927106
2600,47,9.337679783370925,0.21443298969072164,9.337679783370925
2600,48,9.509802594996613,0.22474226804123712,9.509802594996613
2601,56,9.268746023191852,0.2309278350515464,9.268746023191852
2601,15,9.235859024699636,0.21237113402061855,9.235859024699636
2602,1,8.917018699929,0.2597938144329897,8.917018699929
2602,56,9.01358869405297,0.24123711340206186,9.01358869405297
2603,94,7.909030467373963,0.16907216494845362,7.909030467373963
2603,20,7.782428216319871,0.21649484536082475,7.782428216319871
2604,7,9.057925153926407,0.24742268041237114,9.057925153926407
2604,62,9.588355363565086,0.17525773195876287,9.588355363565086
2605,7,8.540065472119545,0.21649484536082475,8.540065472119545
2605,79,9.534696473157483,0.18969072164948453,9.534696473157483
2606,17,8.383129796737121,0.2288659793814433,8.383129796737121
2606,92,9.239762684936592,0.22474226804123712,9.239762684936592
2607,84,7.690492429875325,0.24536082474226803,7.690492429875325
2607,73,9.480585650900467,0.20824742268041238,9.480585650900467
2608,67,9.817842093123044,0.24948453608247423,9.817842093123044
2608,14,9.455069558631555,0.2515463917525773,9.455069558631555
2609,6,10.039857738862585,0.2329896907216495,10.039857738862585
2609,71,8.704180190192886,0.22474226804123712,8.704180190192886
2610,15,8.189452885504958,0.26804123711340205,8.189452885504958
2610,28,9.392477533872842,0.19175257731958764,9.392477533872842
2611,22,9.114943961239865,0.16907216494845362,9.114943961239865
2611,2,8.804843947990895,0.22268041237113403,8.804843947990895
2612,17,9.218552287099058,0.14845360824742268,9.218552287099058
2612,13,9.944309634877857,0.1958762886597938,9.944309634877857
2613,57,6.679387570239971,0.2309278350515464,6.679387570239971
2613,72,9.664364856279672,0.2020618556701031,9.664364856279672
2614,54,9.203881337952758,0.22474226804123712,9.203881337952758
2614,80,8.510392867599549,0.20824742268041238,8.510392867599549
2615,72,9.50960601550166,0.23505154639175257,9.50960601550166
2615,70,7.64212252016925,0.1958762886597938,7.64212252016925
2616,84,8.425300630140162,0.18556701030927836,8.425300630140162
2616,68,8.860829857490941,0.24536082474226803,8.860829857490941
2617,68,7.15212312457914,0.18144329896907216,7.15212312457914
2617,47,9.097074256518237,0.15463917525773196,9.097074256518237
2618,92,9.311203459329334,0.12989690721649486,9.311203459329334
2618,60,8.5990782775501,0.20824742268041238,8.5990782775501
2619,7,7.7546871983746675,0.15051546391752577,7.7546871983746675
2619,25,8.273223567226484,0.22474226804123712,8.273223567226484
2620,17,9.831446524948621,0.20412371134020618,9.831446524948621
2620,14,7.585350038362797,0.27628865979381445,7.585350038362797
2621,94,8.059181322460299,0.20618556701030927,8.059181322460299
2621,56,9.86214631615475,0.19175257731958764,9.86214631615475
2622,54,9.541843892519193,0.2556701030927835,9.541843892519193
2622,28,9.268398409947352,0.24329896907216494,9.268398409947352
2623,14,9.253085496966387,0.21443298969072164,9.253085496966387
2623,94,8.073694403943122,0.17938144329896907,8.073694403943122
2624,51,7.908583657495957,0.1670103092783505,7.908583657495957
2624,17,10.122992966795685,0.21649484536082475,10.122992966795685
2625,8,10.033307842677374,0.2,10.033307842677374
2625,75,9.185829958596448,0.2597938144329897,9.185829958596448
2626,80,9.684872119020772,0.1979381443298969,9.684872119020772
2626,71,9.777953329401015,0.1958762886597938,9.777953329401015
2627,12,9.348419784102163,0.18556701030927836,9.348419784102163
2627,47,9.789052332462031,0.22474226804123712,9.789052332462031
2628,35,9.618411006088078,0.21855670103092784,9.618411006088078
2628,78,9.517267030668872,0.2288659793814433,9.517267030668872
2629,59,9.604306830358464,0.26597938144329897,9.604306830358464
2629,92,7.697904638951603,0.19381443298969073,7.697904638951603
2630,9,7.578206504585906,0.24948453608247423,7.578206504585906
2630,73,8.665353322667551,0.23711340206185566,8.665353322667551
2631,14,8.914694860291874,0.22268041237113403,8.914694860291874
2631,56,7.632602812294757,0.22061855670103092,7.632602812294757
2632,92,8.42617952579944,0.2288659793814433,8.42617952579944
2632,84,9.406459776680444,0.21649484536082475,9.406459776680444
2633,57,9.548874138325806,0.2268041237113402,9.548874138325806
2633,59,9.454239986582893,0.23505154639175257,9.454239986582893
2634,43,9.9017624222562,0.20412371134020618,9.9017624222562
2634,61,9.41385949738477,0.2288659793814433,9.41385949738477
2635,55,8.65106299110178,0.2639175257731959,8.65106299110178
2635,80,9.388043511611706,0.2288659793814433,9.388043511611706
2636,67,9.677307952700387,0.20412371134020618,9.677307952700387
2636,64,8.541347634885446,0.20618556701030927,8.541347634885446
2637,20,8.983399344583036,0.2288659793814433,8.983399344583036
2637,96,9.426068744604711,0.23711340206185566,9.426068744604711
2638,15,9.383576314558647,0.15670103092783505,9.383576314558647
2638,5,8.275569339819675,0.27010309278350514,8.275569339819675
2639,7,8.934808345427548,0.27422680412371137,8.934808345427548
2639,1,6.993162560143507,0.24329896907216494,6.993162560143507
2640,22,8.75858109578381,0.21649484536082475,8.75858109578381
2640,77,8.216018016148015,0.19381443298969073,8.216018016148015
2641,44,9.108129498791678,0.21855670103092784,9.108129498791678
2641,81,8.482719892201555,0.21443298969072164,8.482719892201555
2642,27,9.736967688977973,0.2268041237113402,9.736967688977973
2642,92,8.265802341601916,0.23505154639175257,8.265802341601916
2643,9,8.143563286807401,0.2907216494845361,8.143563286807401
2643,60,9.168846391696396,0.1731958762886598,9.168846391696396
2644,86,9.775262789105936,0.2804123711340206,9.775262789105936
2644,30,8.121511571491856,0.15670103092783505,8.121511571491856
2645,28,8.101253192125842,0.21443298969072164,8.101253192125842
2645,98,8.91263365118686,0.1979381443298969,8.91263365118686
2646,65,6.370372537909024,0.21649484536082475,6.370372537909024
2646,75,10.000856245766903,0.24948453608247423,10.000856245766903
2647,1,8.466352706453447,0.16082474226804125,8.466352706453447
2647,15,8.705370872975033,0.22474226804123712,8.705370872975033
2648,31,7.919437758156351,0.23505154639175257,7.919437758156351
2648,99,9.262550080385846,0.1958762886597938,9.262550080385846
2649,99,9.291110223371902,0.2,9.291110223371902
2649,97,9.5922494269938,0.23917525773195877,9.5922494269938
2650,84,9.297718462188799,0.24536082474226803,9.297718462188799
2650,86,8.78990602718149,0.20412371134020618,8.78990602718149
2651,92,2.1010754019729254,0.20412371134020618,2.1010754019729254
2651,98,7.645020123903948,0.2515463917525773,7.645020123903948
2652,60,9.20082704859522,0.2309278350515464,9.20082704859522
2652,97,9.6051328795074,0.23505154639175257,9.6051328795074
2653,1,9.87242407566865,0.22268041237113403,9.87242407566865
2653,85,9.211070023690734,0.26804123711340205,9.211070023690734
2654,61,8.666530794327148,0.23917525773195877,8.666530794327148
2654,62,7.435374806307779,0.2288659793814433,7.435374806307779
2655,28,9.900601135512137,0.19381443298969073,9.900601135512137
2655,25,9.409325814094547,0.2515463917525773,9.409325814094547
2656,31,9.172809268530147,0.21237113402061855,9.172809268530147
2656,9,9.646004183583665,0.2639175257731959,9.646004183583665
2657,96,9.382743991510862,0.23711340206185566,9.382743991510862
2657,57,9.519747000860427,0.2309278350515464,9.519747000860427
2658,30,8.748068953309023,0.21237113402061855,8.748068953309023
2658,14,8.8125890153259,0.18350515463917524,8.8125890153259
2659,86,10.09256719610162,0.18969072164948453,10.09256719610162
2659,20,9.467632125716383,0.23917525773195877,9.467632125716383
2660,15,9.5052594660744,0.2515463917525773,9.5052594660744
2660,96,9.764949221997133,0.2288659793814433,9.764949221997133
2661,56,8.898686189895809,0.22474226804123712,8.898686189895809
2661,73,6.821982345918052,0.21237113402061855,6.821982345918052
2662,62,6.846758401764311,0.26804123711340205,6.846758401764311
2662,64,9.121052009952852,0.24948453608247423,9.121052009952852
2663,56,8.35198513653791,0.2556701030927835,8.35198513653791
2663,48,7.692087524805986,0.21855670103092784,7.692087524805986
2664,24,9.575257390942385,0.2618556701030928,9.575257390942385
2664,20,9.418265551678672,0.18144329896907216,9.418265551678672
2665,99,9.387410030959911,0.2556701030927835,9.387410030959911
2665,78,9.720817752113955,0.2536082474226804,9.720817752113955
2666,56,8.057496528361105,0.16907216494845362,8.057496528361105
2666,18,8.948316511316719,0.15670103092783505,8.948316511316719
2667,94,10.23464306725697,0.21649484536082475,10.23464306725697
2667,57,9.997041931741997,0.2329896907216495,9.997041931741997
2668,12,9.258958765501648,0.26597938144329897,9.258958765501648
2668,21,9.092829764512517,0.22474226804123712,9.092829764512517
2669,22,9.973439882933993,0.24948453608247423,9.973439882933993
2669,20,8.663321548361953,0.24329896907216494,8.663321548361953
2670,61,9.788179103227545,0.18969072164948453,9.788179103227545
2670,45,9.349168416198262,0.24948453608247423,9.349168416198262
2671,77,9.925955371054647,0.2536082474226804,9.925955371054647
2671,64,9.12535329012562,0.2268041237113402,9.12535329012562
2672,24,9.533480074570441,0.20412371134020618,9.533480074570441
2672,91,7.863339628262244,0.18969072164948453,7.863339628262244
2673,62,9.52165094429034,0.24742268041237114,9.52165094429034
2673,51,9.502070172034534,0.24123711340206186,9.502070172034534
2674,5,9.066289269287632,0.21649484536082475,9.066289269287632
2674,20,9.998589552997277,0.2556701030927835,9.998589552997277
2675,48,9.784437723685839,0.19175257731958764,9.784437723685839
2675,31,7.923761959294983,0.21443298969072164,7.923761959294983
2676,68,7.3606909222426316,0.2,7.3606909222426316
2676,7,9.443340541016521,0.17525773195876287,9.443340541016521
2677,30,9.226769861735164,0.24123711340206186,9.226769861735164
2677,7,8.916146039492281,0.26804123711340205,8.916146039492281
2678,60,9.73319682626764,0.20618556701030927,9.73319682626764
2678,85,9.377607374506452,0.20824742268041238,9.377607374506452
2679,99,8.154613427016109,0.24536082474226803,8.154613427016109
2679,83,9.314983671175451,0.2618556701030928,9.314983671175451
2680,5,8.41831587386618,0.2618556701030928,8.41831587386618
2680,30,9.439800861628276,0.1979381443298969,9.439800861628276
2681,68,9.456937333320257,0.21649484536082475,9.456937333320257
2681,5,9.381755923921279,0.2329896907216495,9.381755923921279
2682,81,8.192255214298417,0.2329896907216495,8.192255214298417
2682,84,8.915243357843291,0.24329896907216494,8.915243357843291
2683,65,8.777316976679066,0.18350515463917524,8.777316976679066
2683,43,7.800195055591108,0.14845360824742268,7.800195055591108
2684,80,9.509618245279043,0.2329896907216495,9.509618245279043
2684,60,9.224175524478387,0.18969072164948453,9.224175524478387
2685,51,9.105788571860888,0.13402061855670103,9.105788571860888
2685,24,7.2706250031947075,0.16494845360824742,7.2706250031947075
2686,70,7.92422792010601,0.17525773195876287,7.92422792010601
2686,60,8.671573179569343,0.20824742268041238,8.671573179569343
2687,92,8.449202784744331,0.15463917525773196,8.449202784744331
2687,12,9.527205231176781,0.22268041237113403,9.527205231176781
2688,95,9.50959498962363,0.24329896907216494,9.50959498962363
2688,33,8.866198941710575,0.2515463917525773,8.866198941710575
2689,73,9.532677646678158,0.24536082474226803,9.532677646678158
2689,84,8.294125242050757,0.22474226804123712,8.294125242050757
2690,99,9.426288876933464,0.22474226804123712,9.426288876933464
2690,62,9.806094369409738,0.177319587628866,9.806094369409738
2691,64,8.639279472343151,0.21237113402061855,8.639279472343151
2691,15,9.310371427716143,0.2288659793814433,9.310371427716143
2692,31,9.150988285130724,0.18556701030927836,9.150988285130724
2692,33,4.846887873876505,0.09690721649484536,4.846887873876505
2693,60,8.976154921982312,0.23711340206185566,8.976154921982312
2693,35,9.661994469657662,0.2288659793814433,9.661994469657662
2694,73,9.218181792030267,0.2865979381443299,9.218181792030267
2694,23,8.68683937370143,0.21030927835051547,8.68683937370143
2695,70,8.65151957545433,0.21855670103092784,8.65151957545433
2695,56,9.671093763422977,0.19381443298969073,9.671093763422977
2696,92,8.344225856444238,0.2268041237113402,8.344225856444238
2696,67,9.656986995933536,0.20824742268041238,9.656986995933536
2697,65,8.997705999094306,0.24329896907216494,8.997705999094306
2697,99,9.287684178237777,0.24948453608247423,9.287684178237777
2698,23,9.794438164920702,0.19381443298969073,9.794438164920702
2698,14,9.263204414837215,0.24742268041237114,9.263204414837215
2699,84,8.616439276705732,0.2907216494845361,8.616439276705732
2699,27,9.496059782560826,0.21855670103092784,9.496059782560826
2700,70,10.210119964092254,0.2309278350515464,10.210119964092254
2700,65,9.303211372817685,0.16907216494845362,9.303211372817685
2701,98,9.11185227393129,0.2329896907216495,9.11185227393129
2701,59,9.888182338665354,0.24329896907216494,9.888182338665354
2702,83,9.559772716012652,0.2865979381443299,9.559772716012652
2702,13,9.527219851754925,0.26804123711340205,9.527219851754925
2703,67,9.551759894763869,0.18762886597938144,9.551759894763869
2703,53,7.822157833456081,0.14432989690721648,7.822157833456081
2704,47,8.335762259975017,0.24742268041237114,8.335762259975017
2704,76,7.62451675380037,0.2020618556701031,7.62451675380037
2705,64,8.51410659149476,0.20412371134020618,8.51410659149476
2705,85,8.935247663645482,0.24948453608247423,8.935247663645482
2706,12,9.222515922370805,0.23711340206185566,9.222515922370805
2706,34,6.988055551152125,0.17525773195876287,6.988055551152125
2707,12,7.8947401355164715,0.23711340206185566,7.8947401355164715
2707,67,6.850354012638904,0.2268041237113402,6.850354012638904
2708,24,9.24786386452434,0.2597938144329897,9.24786386452434
2708,76,9.439169446139715,0.2536082474226804,9.439169446139715
2709,21,9.910124884915264,0.21649484536082475,9.910124884915264
2709,80,9.658446571312222,0.16288659793814433,9.658446571312222
2710,14,8.168336379983803,0.23505154639175257,8.168336379983803
2710,68,9.360921177571962,0.20824742268041238,9.360921177571962
2711,76,7.339800853896485,0.2865979381443299,7.339800853896485
2711,9,8.629070538912618,0.20824742268041238,8.629070538912618
2712,2,8.780599920645416,0.17938144329896907,8.780599920645416
2712,72,10.074611939175849,0.22061855670103092,10.074611939175849
2713,67,8.236531941550924,0.26597938144329897,8.236531941550924
2713,18,9.684285609165594,0.1731958762886598,9.684285609165594
2714,67,7.680132231726817,0.22474226804123712,7.680132231726817
2714,99,9.29277347024695,0.24742268041237114,9.29277347024695
2715,84,9.198840314041325,0.2618556701030928,9.198840314041325
2715,80,9.828067211390797,0.23505154639175257,9.828067211390797
2716,2,9.501414118147304,0.2597938144329897,9.501414118147304
2716,85,8.73343568117246,0.24123711340206186,8.73343568117246
2717,65,8.920482107767212,0.2597938144329897,8.920482107767212
2717,21,7.958704961863687,0.21855670103092784,7.958704961863687
2718,97,9.142031448508746,0.21649484536082475,9.142031448508746
2718,1,8.288179339675773,0.20618556701030927,8.288179339675773
2719,79,9.464494897605704,0.177319587628866,9.464494897605704
2719,61,7.993095211881412,0.20412371134020618,7.993095211881412
2720,27,9.846897428380908,0.2309278350515464,9.846897428380908
2720,71,7.8980685080181185,0.1670103092783505,7.8980685080181185
2721,67,8.889586867005017,0.1958762886597938,8.889586867005017
2721,1,9.897384358990797,0.24329896907216494,9.897384358990797
2722,91,7.645028399319679,0.2618556701030928,7.645028399319679
2722,44,8.70419727033758,0.22061855670103092,8.70419727033758
2723,34,9.731027767396238,0.20412371134020618,9.731027767396238
2723,9,8.660188603214898,0.2948453608247423,8.660188603214898
2724,71,9.218140506621936,0.23917525773195877,9.218140506621936
2724,97,8.749701321007304,0.21237113402061855,8.749701321007304
2725,9,9.770152489945248,0.22268041237113403,9.770152489945248
2725,7,9.480704161663773,0.21649484536082475,9.480704161663773
2726,81,7.833048198242185,0.1670103092783505,7.833048198242185
2726,68,9.923943939611318,0.2556701030927835,9.923943939611318
2727,54,8.390311982669921,0.27010309278350514,8.390311982669921
2727,68,8.793512309451284,0.2329896907216495,8.793512309451284
2728,99,9.683090241003036,0.22474226804123712,9.683090241003036
2728,23,9.77478917998361,0.22061855670103092,9.77478917998361
2729,54,9.219791846412436,0.20824742268041238,9.219791846412436
2729,73,9.406754915411849,0.23711340206185566,9.406754915411849
2730,43,9.827148358453039,0.18556701030927836,9.827148358453039
2730,21,9.298967969425673,0.22268041237113403,9.298967969425673
2731,78,9.640452270433821,0.2020618556701031,9.640452270433821
2731,9,8.981741985393334,0.2329896907216495,8.981741985393334
2732,67,8.81939179772439,0.24329896907216494,8.81939179772439
2732,54,7.955906744712427,0.18556701030927836,7.955906744712427
2733,91,8.523218782881088,0.18556701030927836,8.523218782881088
2733,5,9.201354920906473,0.22061855670103092,9.201354920906473
2734,31,9.763637063498267,0.24742268041237114,9.763637063498267
2734,79,8.815553539293854,0.21237113402061855,8.815553539293854
2735,44,8.92829569585922,0.1711340206185567,8.92829569585922
2735,51,8.327029881169672,0.1731958762886598,8.327029881169672
2736,7,7.572909473330225,0.18144329896907216,7.572909473330225
2736,83,9.260681331828277,0.2329896907216495,9.260681331828277
2737,60,10.305076501359627,0.18762886597938144,10.305076501359627
2737,99,9.752926750533499,0.24742268041237114,9.752926750533499
2738,91,10.080293153401781,0.24329896907216494,10.080293153401781
2738,18,8.938596700649436,0.21649484536082475,8.938596700649436
2739,15,9.539895943341202,0.24536082474226803,9.539895943341202
2739,25,8.74511718043742,0.24329896907216494,8.74511718043742
2740,79,9.69555024850373,0.2288659793814433,9.69555024850373
2740,18,8.71031624358336,0.1958762886597938,8.71031624358336
2741,47,9.226240861210478,0.2597938144329897,9.226240861210478
2741,83,8.919730731761945,0.2865979381443299,8.919730731761945
2742,47,9.949471169498334,0.2309278350515464,9.949471169498334
2742,2,9.564448436301056,0.2515463917525773,9.564448436301056
2743,12,8.496018989310642,0.24948453608247423,8.496018989310642
2743,5,8.011362048957446,0.1670103092783505,8.011362048957446
2744,53,8.136775367685969,0.20618556701030927,8.136775367685969
2744,81,7.312860412440924,0.2721649484536082,7.312860412440924
2745,5,9.889343860541455,0.21649484536082475,9.889343860541455
2745,45,9.903731492671023,0.1958762886597938,9.903731492671023
2746,64,8.479703483048926,0.17525773195876287,8.479703483048926
2746,78,8.543474434792365,0.13814432989690723,8.543474434792365
2747,79,8.79077652411688,0.16907216494845362,8.79077652411688
2747,23,8.737407098686893,0.18350515463917524,8.737407098686893
2748,76,8.891538233937167,0.27422680412371137,8.891538233937167
2748,7,8.258688105666115,0.26804123711340205,8.258688105666115
2749,95,10.11285450764767,0.1731958762886598,10.11285450764767
2749,59,8.915689841898738,0.22474226804123712,8.915689841898738
2750,81,10.29706291100507,0.21237113402061855,10.29706291100507
2750,54,9.700505698634853,0.2639175257731959,9.700505698634853
2751,18,8.644074344993436,0.17938144329896907,8.644074344993436
2751,85,8.48280863710268,0.17525773195876287,8.48280863710268
2752,54,7.902651080802074,0.2329896907216495,7.902651080802074
2752,47,9.46713736502889,0.15463917525773196,9.46713736502889
2753,79,7.702000729364125,0.20824742268041238,7.702000729364125
2753,57,8.308658918421003,0.20412371134020618,8.308658918421003
2754,55,8.83119330071596,0.18969072164948453,8.83119330071596
2754,2,9.558102299981247,0.1979381443298969,9.558102299981247
2755,55,8.992880232206879,0.1711340206185567,8.992880232206879
2755,83,9.12557381875202,0.24536082474226803,9.12557381875202
2756,48,10.039096906564314,0.21443298969072164,10.039096906564314
2756,43,8.234961004122791,0.1958762886597938,8.234961004122791
2757,53,8.943912919287886,0.27835051546391754,8.943912919287886
2757,18,9.368349762406705,0.2309278350515464,9.368349762406705
2758,59,9.849095514640785,0.2329896907216495,9.849095514640785
2758,55,8.761867485760556,0.18350515463917524,8.761867485760556
2759,57,8.883981984757183,0.21237113402061855,8.883981984757183
2759,85,7.710098217318775,0.20824742268041238,7.710098217318775
2760,85,8.191491858921077,0.2020618556701031,8.191491858921077
2760,98,8.92942327827568,0.2268041237113402,8.92942327827568
2761,97,9.09889869411366,0.2268041237113402,9.09889869411366
2761,57,9.295394944335989,0.21030927835051547,9.295394944335989
2762,61,9.707343772458383,0.2268041237113402,9.707343772458383
2762,14,10.055404204117655,0.25773195876288657,10.055404204117655
2763,15,9.335117709387534,0.20412371134020618,9.335117709387534
2763,77,9.703399342336256,0.24123711340206186,9.703399342336256
2764,51,9.438049421398732,0.2845360824742268,9.438049421398732
2764,25,9.609565563615218,0.2515463917525773,9.609565563615218
2765,59,9.537049104348469,0.27628865979381445,9.537049104348469
2765,26,9.688206510845443,0.17938144329896907,9.688206510845443
2766,18,9.177575222912557,0.22474226804123712,9.177575222912557
2766,13,8.76881308586035,0.24329896907216494,8.76881308586035
2767,78,9.081443493365173,0.21237113402061855,9.081443493365173
2767,47,9.767938621753997,0.2288659793814433,9.767938621753997
2768,28,8.488081081388488,0.2845360824742268,8.488081081388488
2768,75,10.195091615153293,0.2309278350515464,10.195091615153293
2769,12,7.758291527380642,0.17938144329896907,7.758291527380642
2769,22,9.915316545490208,0.24329896907216494,9.915316545490208
2770,12,6.977298790616859,0.2556701030927835,6.977298790616859
2770,64,9.544393705091991,0.19381443298969073,9.544393705091991
2771,18,9.287007203790955,0.22474226804123712,9.287007203790955
2771,24,9.864137041028869,0.2618556701030928,9.864137041028869
2772,68,9.229135045950061,0.21649484536082475,9.229135045950061
2772,26,7.589315456967295,0.3237113402061856,7.589315456967295
2773,44,9.36178312136797,0.30721649484536084,9.36178312136797
2773,56,7.5140247365179444,0.23711340206185566,7.5140247365179444
2774,98,9.68957404131783,0.2907216494845361,9.68957404131783
2774,97,10.022870611239066,0.24329896907216494,10.022870611239066
2775,33,9.167030429541738,0.20824742268041238,9.167030429541738
2775,15,9.012280659541977,0.20618556701030927,9.012280659541977
2776,99,9.202560623676106,0.21237113402061855,9.202560623676106
2776,32,9.442038241048456,0.1979381443298969,9.442038241048456
2777,56,7.6376879831799895,0.21030927835051547,7.6376879831799895
2777,59,10.444709649861503,0.27010309278350514,10.444709649861503
2778,55,10.018497914463946,0.23505154639175257,10.018497914463946
2778,91,9.976540731711827,0.23711340206185566,9.976540731711827
2779,26,8.90687981215114,0.21443298969072164,8.90687981215114
2779,44,9.722852289899274,0.24123711340206186,9.722852289899274
2780,76,7.274925868575663,0.27422680412371137,7.274925868575663
2780,15,8.992330620955986,0.2288659793814433,8.992330620955986
2781,57,8.630225772254928,0.21443298969072164,8.630225772254928
2781,44,9.71496075871547,0.24536082474226803,9.71496075871547
2782,23,7.414633393139552,0.21237113402061855,7.414633393139552
2782,62,9.80006544644182,0.177319587628866,9.80006544644182
2783,78,9.041149730931988,0.17938144329896907,9.041149730931988
2783,25,8.609928800876194,0.2268041237113402,8.609928800876194
2784,79,8.030952651348388,0.26804123711340205,8.030952651348388
2784,71,10.179145834879442,0.24536082474226803,10.179145834879442
2785,23,8.795420855524185,0.1958762886597938,8.795420855524185
2785,27,8.938473584521228,0.2309278350515464,8.938473584521228
2786,83,10.115993012786983,0.18144329896907216,10.115993012786983
2786,98,7.55228889537519,0.23505154639175257,7.55228889537519
2787,18,9.345620984004135,0.23917525773195877,9.345620984004135
2787,93,9.548842107213726,0.24536082474226803,9.548842107213726
2788,65,9.600754284094412,0.26597938144329897,9.600754284094412
2788,5,9.658816428601712,0.21237113402061855,9.658816428601712
2789,77,9.941752096708433,0.23711340206185566,9.941752096708433
2789,91,9.40320003384033,0.1958762886597938,9.40320003384033
2790,51,9.758363949836625,0.24536082474226803,9.758363949836625
2790,88,9.831635943718217,0.27422680412371137,9.831635943718217
2791,1,9.402971020979244,0.24948453608247423,9.402971020979244
2791,52,9.132648565572925,0.17938144329896907,9.132648565572925
2792,28,9.933626786388839,0.2329896907216495,9.933626786388839
2792,78,7.313420643865614,0.18556701030927836,7.313420643865614
2793,98,10.148594906835104,0.2618556701030928,10.148594906835104
2793,62,10.225598825541448,0.23505154639175257,10.225598825541448
2794,25,9.480499050492934,0.21649484536082475,9.480499050492934
2794,18,8.458257547347056,0.2845360824742268,8.458257547347056
2795,21,9.147753617842874,0.18762886597938144,9.147753617842874
2795,93,9.026079446957048,0.34845360824742266,9.026079446957048
2796,68,9.044672302465871,0.2865979381443299,9.044672302465871
2796,34,10.08720621568286,0.2,10.08720621568286
2797,93,9.559095954569017,0.18762886597938144,9.559095954569017
2797,32,9.54262185924666,0.23505154639175257,9.54262185924666
2798,43,9.418227254067268,0.2597938144329897,9.418227254067268
2798,61,8.371282257474611,0.18556701030927836,8.371282257474611
2799,26,9.294847942747406,0.18969072164948453,9.294847942747406
2799,37,8.64536558372316,0.19175257731958764,8.64536558372316
2800,78,9.039663910299506,0.1711340206185567,9.039663910299506
2800,67,8.496167552678683,0.22474226804123712,8.496167552678683
2801,92,8.824363634051167,0.27010309278350514,8.824363634051167
2801,37,8.885537775119287,0.24329896907216494,8.885537775119287
2802,76,6.581209031973634,0.18350515463917524,6.581209031973634
2802,23,9.359062723180037,0.2268041237113402,9.359062723180037
2803,54,9.273684246041054,0.24329896907216494,9.273684246041054
2803,89,9.70456705561074,0.27422680412371137,9.70456705561074
2804,37,7.853964326165794,0.22061855670103092,7.853964326165794
2804,15,10.479283920736174,0.22474226804123712,10.479283920736174
2805,25,9.621713461166966,0.27422680412371137,9.621713461166966
2805,64,10.118747012239869,0.21030927835051547,10.118747012239869
2806,7,10.393319751067063,0.19175257731958764,10.393319751067063
2806,32,9.870654357066549,0.26804123711340205,9.870654357066549
2807,27,9.842200574241879,0.2536082474226804,9.842200574241879
2807,21,9.507793072678492,0.2907216494845361,9.507793072678492
2808,23,9.940463863758906,0.23711340206185566,9.940463863758906
2808,40,9.915511423769273,0.2556701030927835,9.915511423769273
2809,96,10.290906540102862,0.2288659793814433,10.290906540102862
2809,77,8.556200961857437,0.15670103092783505,8.556200961857437
2810,91,9.7357249506312,0.23711340206185566,9.7357249506312
2810,65,9.227349173772811,0.18969072164948453,9.227349173772811
2811,30,9.687996021675504,0.1979381443298969,9.687996021675504
2811,44,8.67909131228748,0.24742268041237114,8.67909131228748
2812,92,9.468325224080138,0.1958762886597938,9.468325224080138
2812,45,9.629039921343084,0.1360824742268041,9.629039921343084
2813,26,8.158321424474273,0.16082474226804125,8.158321424474273
2813,31,7.780332913903815,0.18969072164948453,7.780332913903815
2814,5,9.969148021181015,0.20412371134020618,9.969148021181015
2814,47,9.454212693734876,0.21855670103092784,9.454212693734876
2815,31,9.406244324610382,0.23917525773195877,9.406244324610382
2815,13,9.484457987056128,0.22474226804123712,9.484457987056128
2816,1,9.584202758126365,0.25773195876288657,9.584202758126365
2816,92,9.0324770170428,0.22268041237113403,9.0324770170428
2817,26,9.21003614575519,0.19175257731958764,9.21003614575519
2817,35,9.154712209667013,0.2288659793814433,9.154712209667013
2818,32,9.88316183850001,0.2515463917525773,9.88316183850001
2818,40,10.74674846545619,0.27835051546391754,10.74674846545619
2819,13,10.110083264683855,0.24742268041237114,10.110083264683855
2819,29,8.847664820474712,0.2639175257731959,8.847664820474712
2820,93,9.813251482566905,0.2268041237113402,9.813251482566905
2820,8,9.635216556125055,0.24948453608247423,9.635216556125055
2821,77,8.583656541287294,0.18556701030927836,8.583656541287294
2821,47,9.93209791738352,0.19175257731958764,9.93209791738352
2822,35,9.274101339346888,0.2556701030927835,9.274101339346888
2822,54,9.630835548654462,0.2907216494845361,9.630835548654462
2823,56,9.978003678544749,0.21855670103092784,9.978003678544749
2823,32,9.810207700376997,0.24123711340206186,9.810207700376997
2824,18,9.959925235144683,0.29690721649484536,9.959925235144683
2824,27,10.097453597774415,0.24329896907216494,10.097453597774415
2825,91,10.01036215184487,0.24329896907216494,10.01036215184487
2825,23,8.843896971061087,0.21855670103092784,8.843896971061087
2826,30,9.34020266815973,0.21030927835051547,9.34020266815973
2826,22,7.669315527820309,0.13814432989690723,7.669315527820309
2827,12,9.052674942021433,0.27628865979381445,9.052674942021433
2827,29,9.733463877169921,0.20824742268041238,9.733463877169921
2828,28,9.388590855219128,0.2268041237113402,9.388590855219128
2828,91,8.780928866388116,0.23505154639175257,8.780928866388116
2829,43,9.650543211485623,0.20824742268041238,9.650543211485623
2829,32,9.36112503397084,0.16288659793814433,9.36112503397084
2830,91,9.140049655919809,0.18350515463917524,9.140049655919809
2830,92,9.298802383952465,0.25773195876288657,9.298802383952465
2831,68,10.212698410295259,0.1979381443298969,10.212698410295259
2831,29,10.381088736724582,0.2288659793814433,10.381088736724582
2832,37,8.597507406176659,0.15876288659793814,8.597507406176659
2832,52,8.727032861853148,0.2329896907216495,8.727032861853148
2833,53,9.64510978851898,0.24948453608247423,9.64510978851898
2833,86,9.308877986621487,0.2329896907216495,9.308877986621487
2834,22,10.04524778802481,0.23711340206185566,10.04524778802481
2834,30,9.972360935882143,0.2597938144329897,9.972360935882143
2835,33,9.731392870459697,0.21443298969072164,9.731392870459697
2835,21,9.74547434088491,0.20412371134020618,9.74547434088491
2836,84,9.748505420168575,0.2597938144329897,9.748505420168575
2836,65,9.28914383182884,0.27010309278350514,9.28914383182884
2837,57,8.74260625520932,0.23917525773195877,8.74260625520932
2837,56,9.432932718625734,0.17938144329896907,9.432932718625734
2838,86,8.92235831836998,0.15257731958762888,8.92235831836998
2838,63,7.646132618734832,0.29896907216494845,7.646132618734832
2839,92,9.847475503966745,0.2618556701030928,9.847475503966745
2839,54,9.929736812319108,0.29690721649484536,9.929736812319108
2840,26,9.167604253338649,0.21855670103092784,9.167604253338649
2840,35,10.038389425980505,0.21649484536082475,10.038389425980505
2841,85,8.800241511409986,0.26597938144329897,8.800241511409986
2841,19,9.142391294184318,0.21855670103092784,9.142391294184318
2842,37,10.099139292365908,0.2020618556701031,10.099139292365908
2842,57,9.466704671266124,0.2536082474226804,9.466704671266124
2843,61,9.170319507405933,0.25773195876288657,9.170319507405933
2843,92,8.578422827792078,0.21855670103092784,8.578422827792078
2844,79,9.549724942094478,0.22268041237113403,9.549724942094478
2844,44,9.226071547336245,0.21855670103092784,9.226071547336245
2845,92,9.274509213874234,0.18556701030927836,9.274509213874234
2845,93,8.307781080136781,0.24329896907216494,8.307781080136781
2846,28,9.767945390668373,0.24536082474226803,9.767945390668373
2846,48,9.19971940489712,0.1958762886597938,9.19971940489712
2847,89,9.538804502550642,0.2309278350515464,9.538804502550642
2847,18,9.293702576007481,0.22474226804123712,9.293702576007481
2848,85,9.659356708724642,0.23711340206185566,9.659356708724642
2848,26,9.649609615023413,0.2845360824742268,9.649609615023413
2849,9,9.669625824027996,0.2639175257731959,9.669625824027996
2849,65,9.547967141886653,0.2020618556701031,9.547967141886653
2850,44,9.595009925119514,0.15670103092783505,9.595009925119514
2850,85,9.25730738505433,0.23917525773195877,9.25730738505433
2851,48,9.973620927902891,0.2288659793814433,9.973620927902891
2851,56,10.005967114710613,0.24948453608247423,10.005967114710613
2852,77,9.749272639014988,0.2865979381443299,9.749272639014988
2852,33,9.949507798012132,0.30515463917525776,9.949507798012132
2853,32,9.445625185287817,0.16494845360824742,9.445625185287817
2853,77,6.093858009084612,0.24329896907216494,6.093858009084612
2854,32,9.12681016255517,0.23917525773195877,9.12681016255517
2854,25,9.803291392464551,0.24329896907216494,9.803291392464551
2855,12,9.25897883721014,0.24948453608247423,9.25897883721014
2855,30,8.62932659726339,0.27835051546391754,8.62932659726339
2856,22,8.201298447532949,0.21237113402061855,8.201298447532949
2856,10,10.293402615438163,0.24742268041237114,10.293402615438163
2857,79,6.049919344580489,0.18969072164948453,6.049919344580489
2857,47,8.434901129264718,0.2288659793814433,8.434901129264718
2858,63,9.774970296230299,0.2329896907216495,9.774970296230299
2858,23,9.626005481389157,0.2597938144329897,9.626005481389157
2859,55,8.303312962920039,0.1958762886597938,8.303312962920039
2859,11,9.066571829319864,0.27010309278350514,9.066571829319864
2860,22,10.05538044497212,0.22061855670103092,10.05538044497212
2860,55,9.323778957282377,0.2288659793814433,9.323778957282377
2861,18,10.087849083513111,0.19175257731958764,10.087849083513111
2861,43,9.428606143311345,0.25773195876288657,9.428606143311345
2862,25,9.848311783211267,0.2721649484536082,9.848311783211267
2862,97,9.406083856822953,0.22474226804123712,9.406083856822953
2863,77,8.822449500809775,0.2845360824742268,8.822449500809775
2863,32,9.355717836047415,0.30721649484536084,9.355717836047415
2864,35,9.653596138005884,0.21443298969072164,9.653596138005884
2864,70,7.800840168737003,0.2515463917525773,7.800840168737003
2865,34,8.924902244464462,0.23711340206185566,8.924902244464462
2865,87,9.600740619069466,0.1958762886597938,9.600740619069466
2866,78,9.685433011144308,0.2268041237113402,9.685433011144308
2866,61,10.391214432652633,0.21030927835051547,10.391214432652633
2867,79,9.51750062778591,0.2,9.51750062778591
2867,52,9.393425461054141,0.2309278350515464,9.393425461054141
2868,93,9.923645435152531,0.21649484536082475,9.923645435152531
2868,13,10.330975309740326,0.24123711340206186,10.330975309740326
2869,3,9.38043008142103,0.24742268041237114,9.38043008142103
2869,41,9.488450416935807,0.23505154639175257,9.488450416935807
2870,91,9.72003011833716,0.26804123711340205,9.72003011833716
2870,31,9.843432870278486,0.18350515463917524,9.843432870278486
2871,57,9.356789311106928,0.22061855670103092,9.356789311106928
2871,8,9.805790151148967,0.24123711340206186,9.805790151148967
2872,92,9.987820955324118,0.27422680412371137,9.987820955324118
2872,84,7.139730029867707,0.3134020618556701,7.139730029867707
2873,84,6.9109017203442304,0.13195876288659794,6.9109017203442304
2873,79,7.560791036586644,0.1463917525773196,7.560791036586644
2874,5,7.857477405564307,0.27010309278350514,7.857477405564307
2874,18,9.934638875961516,0.2556701030927835,9.934638875961516
2875,67,10.214357536075523,0.21443298969072164,10.214357536075523
2875,85,7.906397451061326,0.14432989690721648,7.906397451061326
2876,77,9.42353267719752,0.21030927835051547,9.42353267719752
2876,19,10.326169011302355,0.2515463917525773,10.326169011302355
2877,84,9.633187268072087,0.2804123711340206,9.633187268072087
2877,87,10.368354602595188,0.23505154639175257,10.368354602595188
2878,57,10.444845773215397,0.2515463917525773,10.444845773215397
2878,63,9.950942676236865,0.2927835051546392,9.950942676236865
2879,70,9.512560627808515,0.2309278350515464,9.512560627808515
2879,98,9.690919947360877,0.21649484536082475,9.690919947360877
2880,35,9.527658277231437,0.2597938144329897,9.527658277231437
2880,78,10.094618470061121,0.2515463917525773,10.094618470061121
2881,85,10.10775543463608,0.24742268041237114,10.10775543463608
2881,43,9.133322308998707,0.22474226804123712,9.133322308998707
2882,5,9.637827937382335,0.2515463917525773,9.637827937382335
2882,47,9.850130867601719,0.30927835051546393,9.850130867601719
2883,73,9.21907517636088,0.24742268041237114,9.21907517636088
2883,89,8.998816800781448,0.26597938144329897,8.998816800781448
2884,43,9.217027936455077,0.21649484536082475,9.217027936455077
2884,3,9.94334052243967,0.24742268041237114,9.94334052243967
2885,93,9.838442806125304,0.26597938144329897,9.838442806125304
2885,78,9.888740450107516,0.24536082474226803,9.888740450107516
2886,73,9.742403011882267,0.2865979381443299,9.742403011882267
2886,45,9.534737358389707,0.24536082474226803,9.534737358389707
2887,55,9.844881226148726,0.2597938144329897,9.844881226148726
2887,98,10.030961232562667,0.22061855670103092,10.030961232562667
2888,65,9.238386365825356,0.16494845360824742,9.238386365825356
2888,31,9.318485339994282,0.2845360824742268,9.318485339994282
2889,89,9.564719922329607,0.2268041237113402,9.564719922329607
2889,78,8.43334638317981,0.18969072164948453,8.43334638317981
2890,3,9.308060747317485,0.26597938144329897,9.308060747317485
2890,63,8.599032264769116,0.13814432989690723,8.599032264769116
2891,89,9.270390054489935,0.24123711340206186,9.270390054489935
2891,23,8.130899282835218,0.1670103092783505,8.130899282835218
2892,76,8.427760346938038,0.2515463917525773,8.427760346938038
2892,86,9.330279353198359,0.2845360824742268,9.330279353198359
2893,41,9.947970999773359,0.24742268041237114,9.947970999773359
2893,8,9.971595399552278,0.2020618556701031,9.971595399552278
2894,35,9.109326958195163,0.23505154639175257,9.109326958195163
2894,14,8.203728733966283,0.23711340206185566,8.203728733966283
2895,21,10.113638216660615,0.2536082474226804,10.113638216660615
2895,18,9.825972604709586,0.3030927835051546,9.825972604709586
2896,41,10.306035288600535,0.29690721649484536,10.306035288600535
2896,22,9.65636540418011,0.30515463917525776,9.65636540418011
2897,47,9.840826853837319,0.2309278350515464,9.840826853837319
2897,37,9.871454345484102,0.2618556701030928,9.871454345484102
2898,23,9.226691650765504,0.24742268041237114,9.226691650765504
2898,1,9.712793192995951,0.3154639175257732,9.712793192995951
2899,56,9.249768706419413,0.2515463917525773,9.249768706419413
2899,6,10.125010225052236,0.2288659793814433,10.125010225052236
2900,32,9.625868039679359,0.2639175257731959,9.625868039679359
2900,73,9.223051139881978,0.2329896907216495,9.223051139881978
2901,18,9.654055540533179,0.21649484536082475,9.654055540533179
2901,48,10.318683758173085,0.20618556701030927,10.318683758173085
2902,86,9.434229191908958,0.3134020618556701,9.434229191908958
2902,47,10.117376680065593,0.2927835051546392,10.117376680065593
2903,73,10.018142951496973,0.2597938144329897,10.018142951496973
2903,23,9.668445929123322,0.2329896907216495,9.668445929123322
2904,22,9.636948673577606,0.24123711340206186,9.636948673577606
2904,20,9.477435595582183,0.2845360824742268,9.477435595582183
2905,78,9.134862091490579,0.2804123711340206,9.134862091490579
2905,35,9.71049509363057,0.24948453608247423,9.71049509363057
2906,97,10.037508193965854,0.24329896907216494,10.037508193965854
2906,55,10.239197227436797,0.22061855670103092,10.239197227436797
2907,8,9.1761803508703,0.2907216494845361,9.1761803508703
2907,72,9.873858684067557,0.29690721649484536,9.873858684067557
2908,76,9.349221523841015,0.2824742268041237,9.349221523841015
2908,63,6.872753072304915,0.20618556701030927,6.872753072304915
2909,86,10.067651759036298,0.20412371134020618,10.067651759036298
2909,51,9.768281757274075,0.26804123711340205,9.768281757274075
2910,70,9.966510615116995,0.2329896907216495,9.966510615116995
2910,2,9.600448474633843,0.20618556701030927,9.600448474633843
2911,34,9.823541311882531,0.21030927835051547,9.823541311882531
2911,43,9.104633213656939,0.16907216494845362,9.104633213656939
2912,21,9.71968652819278,0.16907216494845362,9.71968652819278
2912,83,10.362579222346794,0.177319587628866,10.362579222346794
2913,99,10.06067373187835,0.22474226804123712,10.06067373187835
2913,93,9.644426402007579,0.2948453608247423,9.644426402007579
2914,45,9.308229224723599,0.22061855670103092,9.308229224723599
2914,44,9.362147463232207,0.2907216494845361,9.362147463232207
2915,77,9.77621145146092,0.2907216494845361,9.77621145146092
2915,23,10.296276792189632,0.27422680412371137,10.296276792189632
2916,79,9.785794040087415,0.2721649484536082,9.785794040087415
2916,30,8.530186637844714,0.27010309278350514,8.530186637844714
2917,100,10.145446782154131,0.2721649484536082,10.145446782154131
2917,50,9.957348509275349,0.27010309278350514,9.957348509275349
2918,14,10.403070228564804,0.27422680412371137,10.403070228564804
2918,55,10.871570136681713,0.2639175257731959,10.871570136681713
2919,50,9.953244302535177,0.2845360824742268,9.953244302535177
2919,67,9.641355025424293,0.25773195876288657,9.641355025424293
2920,65,10.220165764190437,0.2639175257731959,10.220165764190437
2920,44,10.30679202400414,0.19175257731958764,10.30679202400414
2921,26,10.021606546610348,0.22268041237113403,10.021606546610348
2921,58,10.520109416935622,0.22474226804123712,10.520109416935622
2922,24,10.303423006596702,0.22268041237113403,10.303423006596702
2922,54,8.759994429475295,0.2515463917525773,8.759994429475295
2923,2,9.515701030259581,0.26597938144329897,9.515701030259581
2923,79,9.272669273691307,0.2845360824742268,9.272669273691307
2924,56,10.044373800437524,0.25773195876288657,10.044373800437524
2924,5,10.1672362990972,0.2536082474226804,10.1672362990972
2925,77,9.817575239223403,0.24742268041237114,9.817575239223403
2925,70,9.698830994608445,0.25773195876288657,9.698830994608445
2926,8,9.468655016449599,0.21443298969072164,9.468655016449599
2926,2,7.023950971259568,0.15876288659793814,7.023950971259568
2927,54,9.228423577536137,0.1711340206185567,9.228423577536137
2927,21,9.766072323125158,0.31958762886597936,9.766072323125158
2928,63,10.010243244198131,0.22061855670103092,10.010243244198131
2928,76,9.565153534091767,0.24742268041237114,9.565153534091767
2929,8,9.488712148778859,0.15051546391752577,9.488712148778859
2929,26,9.887854546856401,0.20824742268041238,9.887854546856401
2930,54,10.156137902695427,0.25773195876288657,10.156137902695427
2930,28,9.069436985021701,0.18144329896907216,9.069436985021701
2931,11,9.940550641406597,0.26597938144329897,9.940550641406597
2931,12,10.040882904618792,0.24948453608247423,10.040882904618792
2932,78,9.789058399845276,0.2948453608247423,9.789058399845276
2932,25,10.14606248798481,0.3216494845360825,10.14606248798481
2933,91,10.594013633370546,0.24123711340206186,10.594013633370546
2933,50,8.646369377145033,0.2845360824742268,8.646369377145033
2934,35,9.985762948577063,0.2309278350515464,9.985762948577063
2934,95,8.917063726973533,0.21443298969072164,8.917063726973533
2935,28,8.799749795310136,0.23505154639175257,8.799749795310136
2935,43,8.885592623233405,0.2597938144329897,8.885592623233405
2936,88,10.037989084399582,0.27422680412371137,10.037989084399582
2936,38,10.323901378414998,0.27422680412371137,10.323901378414998
2937,26,9.993909400057879,0.2329896907216495,9.993909400057879
2937,33,9.762299692358491,0.22061855670103092,9.762299692358491
2938,89,9.87533218864802,0.23505154639175257,9.87533218864802
2938,93,9.43579900949228,0.21030927835051547,9.43579900949228
2939,52,9.76028333174082,0.2804123711340206,9.76028333174082
2939,84,10.283386327398292,0.29896907216494845,10.283386327398292
2940,51,9.095112435868286,0.19381443298969073,9.095112435868286
2940,63,10.103969947285096,0.20618556701030927,10.103969947285096
2941,35,9.704173331211912,0.23505154639175257,9.704173331211912
2941,85,10.03732533273658,0.26597938144329897,10.03732533273658
2942,33,9.67307889252766,0.23917525773195877,9.67307889252766
2942,74,10.084962946143104,0.2845360824742268,10.084962946143104
2943,20,9.586684902755234,0.32577319587628867,9.586684902755234
2943,53,10.281229445295667,0.26804123711340205,10.281229445295667
2944,50,8.983842129632105,0.2556701030927835,8.983842129632105
2944,6,10.16022814538294,0.2927835051546392,10.16022814538294
2945,43,9.1309719629211,0.20618556701030927,9.1309719629211
2945,100,10.077770416313134,0.23711340206185566,10.077770416313134
2946,93,10.287809724078642,0.24948453608247423,10.287809724078642
2946,18,10.004247725620365,0.26804123711340205,10.004247725620365
2947,78,9.301802714972123,0.2288659793814433,9.301802714972123
2947,25,7.638307778866377,0.15876288659793814,7.638307778866377
2948,22,9.692808839985341,0.21030927835051547,9.692808839985341
2948,67,9.706314401016181,0.24536082474226803,9.706314401016181
2949,67,9.245163108616225,0.20412371134020618,9.245163108616225
2949,36,9.455384881771481,0.2927835051546392,9.455384881771481
2950,2,9.167422937721808,0.2639175257731959,9.167422937721808
2950,82,8.930401752264583,0.25773195876288657,8.930401752264583
2951,43,9.186950263988884,0.24742268041237114,9.186950263988884
2951,34,9.873119532379327,0.24123711340206186,9.873119532379327
2952,67,9.96803765841982,0.2824742268041237,9.96803765841982
2952,32,9.60275120757027,0.30103092783505153,9.60275120757027
2953,25,10.225471335561792,0.24536082474226803,10.225471335561792
2953,52,9.975061900660746,0.2536082474226804,9.975061900660746
2954,70,9.688207606060582,0.24948453608247423,9.688207606060582
2954,49,9.711294071308727,0.27010309278350514,9.711294071308727
2955,70,10.205820952592592,0.2597938144329897,10.205820952592592
2955,52,9.849087468784928,0.23505154639175257,9.849087468784928
2956,30,9.924901961517609,0.1958762886597938,9.924901961517609
2956,6,9.202933976868742,0.27010309278350514,9.202933976868742
2957,50,9.293949084462193,0.24536082474226803,9.293949084462193
2957,21,9.53135377745751,0.29690721649484536,9.53135377745751
2958,20,10.249374728802694,0.2536082474226804,10.249374728802694
2958,35,9.808664553587793,0.2618556701030928,9.808664553587793
2959,82,8.876815923089138,0.2329896907216495,8.876815923089138
2959,99,9.368073988901333,0.18969072164948453,9.368073988901333
2960,22,7.098879777753252,0.20824742268041238,7.098879777753252
2960,92,9.749789909775439,0.23505154639175257,9.749789909775439
2961,77,9.49604207224791,0.2618556701030928,9.49604207224791
2961,89,8.293974257805463,0.24742268041237114,8.293974257805463
2962,51,9.394788479222884,0.21443298969072164,9.394788479222884
2962,80,8.791580146629501,0.22061855670103092,8.791580146629501
2963,78,9.343888581521348,0.21649484536082475,9.343888581521348
2963,100,9.963753681773825,0.2639175257731959,9.963753681773825
2964,11,9.467631985348154,0.26804123711340205,9.467631985348154
2964,18,10.05140434621535,0.2721649484536082,10.05140434621535
2965,80,9.893212720131938,0.2639175257731959,9.893212720131938
2965,51,10.245911588810893,0.24948453608247423,10.245911588810893
2966,33,10.057566225192215,0.23917525773195877,10.057566225192215
2966,86,9.4260846180407,0.2515463917525773,9.4260846180407
2967,39,9.760642166292866,0.2329896907216495,9.760642166292866
2967,46,8.65861414311082,0.2927835051546392,8.65861414311082
2968,76,10.214353276783724,0.2907216494845361,10.214353276783724
2968,56,9.684782521513378,0.2948453608247423,9.684782521513378
2969,34,9.549285746261193,0.27010309278350514,9.549285746261193
2969,73,9.02233525293758,0.28865979381443296,9.02233525293758
2970,49,10.20336043175345,0.2907216494845361,10.20336043175345
2970,70,9.884402726286279,0.27422680412371137,9.884402726286279
2971,9,9.371149889640508,0.311340206185567,9.371149889640508
2971,70,9.949532051525445,0.25773195876288657,9.949532051525445
2972,82,10.259171060633724,0.2639175257731959,10.259171060633724
2972,86,9.59309248916458,0.22061855670103092,9.59309248916458
2973,2,9.206368093913866,0.2020618556701031,9.206368093913866
2973,97,8.320095576185622,0.2268041237113402,8.320095576185622
2974,28,9.921383260453617,0.28865979381443296,9.921383260453617
2974,21,9.477834352688086,0.29896907216494845,9.477834352688086
2975,8,9.195229085256956,0.2309278350515464,9.195229085256956
2975,98,9.625188000142279,0.22474226804123712,9.625188000142279
2976,43,10.258729999639948,0.2907216494845361,10.258729999639948
2976,2,9.689303420450777,0.2927835051546392,9.689303420450777
2977,86,9.297261100981787,0.21443298969072164,9.297261100981787
2977,52,9.86511085807548,0.2597938144329897,9.86511085807548
2978,73,10.410793704623483,0.2804123711340206,10.410793704623483
2978,37,10.228418293064049,0.2536082474226804,10.228418293064049
2979,79,8.892255534526411,0.3030927835051546,8.892255534526411
2979,85,10.008638698324328,0.2268041237113402,10.008638698324328
2980,52,10.596590905719276,0.24742268041237114,10.596590905719276
2980,49,10.336896028368676,0.2639175257731959,10.336896028368676
2981,46,10.231299471673779,0.2329896907216495,10.231299471673779
2981,56,9.496134901921662,0.1958762886597938,9.496134901921662
2982,8,9.859142682976398,0.2556701030927835,9.859142682976398
2982,34,9.029603560163661,0.21237113402061855,9.029603560163661
2983,22,9.211693843532203,0.2845360824742268,9.211693843532203
2983,70,8.635903012101982,0.27422680412371137,8.635903012101982
2984,31,10.01764701895314,0.28865979381443296,10.01764701895314
2984,17,10.426340252079521,0.27010309278350514,10.426340252079521
2985,79,9.47228618816823,0.2536082474226804,9.47228618816823
2985,3,9.830674577011921,0.23505154639175257,9.830674577011921
2986,34,10.310316682450388,0.2597938144329897,10.310316682450388
2986,1,9.95265333493014,0.2865979381443299,9.95265333493014
2987,9,10.235835933689652,0.2556701030927835,10.235835933689652
2987,63,9.997081242555465,0.24536082474226803,9.997081242555465
2988,97,9.69690923930129,0.24536082474226803,9.69690923930129
2988,3,10.273905297456198,0.26597938144329897,10.273905297456198
2989,92,9.922754657504383,0.24536082474226803,9.922754657504383
2989,74,10.079097055526107,0.2927835051546392,10.079097055526107
2990,2,10.351025446408435,0.28865979381443296,10.351025446408435
2990,72,9.987765392864974,0.2824742268041237,9.987765392864974
2991,78,9.989455755271957,0.22268041237113403,9.989455755271957
2991,88,10.102483300945403,0.2721649484536082,10.102483300945403
2992,99,9.500859590291665,0.22474226804123712,9.500859590291665
2992,30,9.735781315867692,0.26597938144329897,9.735781315867692
2993,72,10.037259241429103,0.24329896907216494,10.037259241429103
2993,63,9.673940948508712,0.23711340206185566,9.673940948508712
2994,35,10.073368525599545,0.22268041237113403,10.073368525599545
2994,26,10.456755745924262,0.23917525773195877,10.456755745924262
2995,42,9.481228917164852,0.2824742268041237,9.481228917164852
2995,93,10.60132797485143,0.27835051546391754,10.60132797485143
2996,79,10.135308075223945,0.2618556701030928,10.135308075223945
2996,32,9.742174411919365,0.2907216494845361,9.742174411919365
2997,71,10.481491924817757,0.2515463917525773,10.481491924817757
2997,65,9.226508969573553,0.2721649484536082,9.226508969573553
2998,8,9.74954524053964,0.21030927835051547,9.74954524053964
2998,92,9.722748347234637,0.2824742268041237,9.722748347234637
2999,56,9.175422950465,0.27628865979381445,9.175422950465
2999,31,10.394386025135697,0.21030927835051547,10.394386025135697
3000,89,10.319073637117315,0.21030927835051547,10.319073637117315
3000,98,10.11085609044911,0.24742268041237114,10.11085609044911
3001,6,9.035273731759967,0.24123711340206186,9.035273731759967
3001,80,9.90544881998232,0.22474226804123712,9.90544881998232
3002,86,9.072100603650412,0.30927835051546393,9.072100603650412
3002,39,9.794348133307228,0.27835051546391754,9.794348133307228
3003,50,10.222130144120728,0.30721649484536084,10.222130144120728
3003,25,10.876299496377191,0.21649484536082475,10.876299496377191
3004,56,10.196316974770964,0.2288659793814433,10.196316974770964
3004,45,8.947070851396877,0.2721649484536082,8.947070851396877
3005,78,9.87630205099351,0.15670103092783505,9.87630205099351
3005,72,9.791518740627014,0.25773195876288657,9.791518740627014
3006,99,9.568541679578441,0.18556701030927836,9.568541679578441
3006,72,9.079760053912448,0.22061855670103092,9.079760053912448
3007,8,9.82374943267761,0.27010309278350514,9.82374943267761
3007,41,10.027892934412026,0.29896907216494845,10.027892934412026
3008,70,9.423787201158902,0.2,9.423787201158902
3008,22,8.63795023973095,0.2865979381443299,8.63795023973095
3009,6,10.014278709490736,0.2556701030927835,10.014278709490736
3009,21,9.972766047395195,0.21030927835051547,9.972766047395195
3010,95,8.66865387177643,0.18969072164948453,8.66865387177643
3010,97,9.581946077877147,0.19175257731958764,9.581946077877147
3011,77,9.972198977749178,0.2845360824742268,9.972198977749178
3011,99,8.57878675603687,0.2020618556701031,8.57878675603687
3012,28,8.561023652443081,0.27422680412371137,8.561023652443081
3012,79,10.090182679281483,0.22061855670103092,10.090182679281483
3013,8,7.896391743643252,0.24948453608247423,7.896391743643252
3013,67,9.887531025440612,0.2597938144329897,9.887531025440612
3014,42,9.501268504774401,0.29896907216494845,9.501268504774401
3014,88,9.806233364684076,0.3030927835051546,9.806233364684076
3015,8,9.849908023569538,0.22474226804123712,9.849908023569538
3015,88,10.075998440358179,0.21443298969072164,10.075998440358179
3016,99,9.967821724253719,0.19381443298969073,9.967821724253719
3016,100,9.229452780558487,0.29896907216494845,9.229452780558487
3017,8,8.296069895422935,0.24536082474226803,8.296069895422935
3017,88,8.903178975738085,0.30515463917525776,8.903178975738085
3018,86,9.614891752204706,0.31752577319587627,9.614891752204706
3018,64,9.024259417512217,0.21649484536082475,9.024259417512217
3019,74,9.83734119271202,0.26597938144329897,9.83734119271202
3019,48,9.329053557090827,0.334020618556701,9.329053557090827
3020,64,9.437957319102923,0.25773195876288657,9.437957319102923
3020,72,9.946568196248462,0.20618556701030927,9.946568196248462
3021,28,10.109608364860883,0.2907216494845361,10.109608364860883
3021,65,10.059667795210279,0.2618556701030928,10.059667795210279
3022,63,10.350270908809811,0.23917525773195877,10.350270908809811
3022,39,8.251995648076305,0.18350515463917524,8.251995648076305
3023,22,9.822769285893953,0.2515463917525773,9.822769285893953
3023,78,9.784579054280714,0.28865979381443296,9.784579054280714
3024,86,9.837641599586023,0.2288659793814433,9.837641599586023
3024,30,10.259048989543235,0.27422680412371137,10.259048989543235
3025,72,8.724632076231808,0.12783505154639174,8.724632076231808
3025,99,9.832934318728002,0.2515463917525773,9.832934318728002
3026,100,9.122422236454055,0.2824742268041237,9.122422236454055
3026,70,9.85669795812347,0.30927835051546393,9.85669795812347
3027,100,9.575263214806604,0.30927835051546393,9.575263214806604
3027,11,9.431826566120389,0.24123711340206186,9.431826566120389
3028,92,10.46052603209338,0.2536082474226804,10.46052603209338
3028,74,9.77239900390553,0.2288659793814433,9.77239900390553
3029,78,9.63956905318211,0.2639175257731959,9.63956905318211
3029,23,5.111894633327033,0.4247422680412371,5.111894633327033
3030,97,8.024384104065412,0.30721649484536084,8.024384104065412
3030,68,10.152081000877281,0.1979381443298969,10.152081000877281
3031,85,9.388495041753076,0.17938144329896907,9.388495041753076
3031,12,10.428532280634194,0.21855670103092784,10.428532280634194
3032,72,9.563569739903388,0.24123711340206186,9.563569739903388
3032,66,9.041212712311479,0.177319587628866,9.041212712311479
3033,36,9.403662631796264,0.2824742268041237,9.403662631796264
3033,4,8.888609114803774,0.2536082474226804,8.888609114803774
3034,32,10.209994258059243,0.29896907216494845,10.209994258059243
3034,22,9.606080884814554,0.23917525773195877,9.606080884814554
3035,78,9.489191307637203,0.27422680412371137,9.489191307637203
3035,74,10.212650423727192,0.23711340206185566,10.212650423727192
3036,18,9.467715302079927,0.2639175257731959,9.467715302079927
3036,75,10.108479314302109,0.2907216494845361,10.108479314302109
3037,95,9.873162308628538,0.24536082474226803,9.873162308628538
3037,80,10.248793981552643,0.23711340206185566,10.248793981552643
3038,88,10.579035449357043,0.2618556701030928,10.579035449357043
3038,65,9.831036015231044,0.2639175257731959,9.831036015231044
3039,18,9.343513124414743,0.23711340206185566,9.343513124414743
3039,16,10.481674572272752,0.2948453608247423,10.481674572272752
3040,8,8.80286851701676,0.2639175257731959,8.80286851701676
3040,18,8.903305009622706,0.2268041237113402,8.903305009622706
3041,100,8.16650354090937,0.24329896907216494,8.16650354090937
3041,30,9.457787545139714,0.23505154639175257,9.457787545139714
3042,45,10.287856878650993,0.32989690721649484,10.287856878650993
3042,28,9.37587815684292,0.2824742268041237,9.37587815684292
3043,35,9.44754342399306,0.24742268041237114,9.44754342399306
3043,51,9.405440952946105,0.2288659793814433,9.405440952946105
3044,22,9.527007488018434,0.22268041237113403,9.527007488018434
3044,21,7.114674690017721,0.2597938144329897,7.114674690017721
3045,22,9.00699416544651,0.29690721649484536,9.00699416544651
3045,72,10.046010600537882,0.311340206185567,10.046010600537882
3046,47,9.440997182782604,0.34845360824742266,9.440997182782604
3046,56,10.341456812518814,0.2865979381443299,10.341456812518814
3047,39,10.063783662722296,0.2639175257731959,10.063783662722296
3047,11,9.712183240173399,0.26804123711340205,9.712183240173399
3048,41,9.840770945079491,0.23917525773195877,9.840770945079491
3048,62,10.003735274032678,0.2515463917525773,10.003735274032678
3049,21,9.878966692032401,0.22474226804123712,9.878966692032401
3049,42,10.4250441653853,0.2907216494845361,10.4250441653853
3050,51,10.088162868289515,0.29896907216494845,10.088162868289515
3050,72,9.865235653030236,0.2618556701030928,9.865235653030236
3051,4,9.34558794210136,0.2597938144329897,9.34558794210136
3051,35,10.437182596427514,0.2639175257731959,10.437182596427514
3052,95,10.16433719526468,0.26804123711340205,10.16433719526468
3052,76,10.32296227468669,0.2927835051546392,10.32296227468669
3053,23,8.975252687609299,0.21030927835051547,8.975252687609299
3053,41,9.73912707076908,0.2515463917525773,9.73912707076908
3054,18,9.786627114896548,0.2804123711340206,9.786627114896548
3054,41,9.794049963299374,0.27628865979381445,9.794049963299374
3055,66,10.38913505101671,0.2927835051546392,10.38913505101671
3055,36,10.2795973982361,0.2515463917525773,10.2795973982361
3056,41,10.060733970039786,0.30103092783505153,10.060733970039786
3056,49,9.528643448091835,0.2845360824742268,9.528643448091835
3057,69,9.950099002530743,0.2721649484536082,9.950099002530743
3057,81,9.631862339755672,0.3030927835051546,9.631862339755672
3058,4,9.784524189790512,0.31958762886597936,9.784524189790512
3058,81,9.787887745413636,0.2515463917525773,9.787887745413636
3059,33,8.995059959130481,0.2,8.995059959130481
3059,13,9.543913164419978,0.2804123711340206,9.543913164419978
3060,100,9.895138890385942,0.2907216494845361,9.895138890385942
3060,47,9.430829641353093,0.21855670103092784,9.430829641353093
3061,1,9.99150265232821,0.26597938144329897,9.99150265232821
3061,27,9.956938992011837,0.2865979381443299,9.956938992011837
3062,49,9.73639574975424,0.30515463917525776,9.73639574975424
3062,80,10.014776119886726,0.23711340206185566,10.014776119886726
3063,97,9.581436377285618,0.2556701030927835,9.581436377285618
3063,28,10.097351634671142,0.20824742268041238,10.097351634671142
3064,69,9.958714833604986,0.21855670103092784,9.958714833604986
3064,98,9.554631419661272,0.24742268041237114,9.554631419661272
3065,72,9.717854556543069,0.25773195876288657,9.717854556543069
3065,100,10.393824240328287,0.2597938144329897,10.393824240328287
3066,70,10.376559702455813,0.23711340206185566,10.376559702455813
3066,43,9.531125071677236,0.27010309278350514,9.531125071677236
3067,23,9.5586081608234,0.2907216494845361,9.5586081608234
3067,65,10.401741297257216,0.2845360824742268,10.401741297257216
3068,67,9.878591581644761,0.2721649484536082,9.878591581644761
3068,62,10.350108656341039,0.2618556701030928,10.350108656341039
3069,21,10.50316511878106,0.2515463917525773,10.50316511878106
3069,41,7.686435922780001,0.2556701030927835,7.686435922780001
3070,43,8.843296141541678,0.32577319587628867,8.843296141541678
3070,46,9.328794013287853,0.28865979381443296,9.328794013287853
3071,47,10.129218236220247,0.24123711340206186,10.129218236220247
3071,51,10.408702488405911,0.2639175257731959,10.408702488405911
3072,67,9.532813829776806,0.24123711340206186,9.532813829776806
3072,32,10.309581681923731,0.2309278350515464,10.309581681923731
3073,22,9.500443639270113,0.2515463917525773,9.500443639270113
3073,81,8.312977825085802,0.24536082474226803,8.312977825085802
3074,1,9.00983439606961,0.29896907216494845,9.00983439606961
3074,68,9.174523158299412,0.354639175257732,9.174523158299412
3075,1,10.17858156254,0.24948453608247423,10.17858156254
3075,11,10.005713280569775,0.33814432989690724,10.005713280569775
3076,23,9.861211843898866,0.3134020618556701,9.861211843898866
3076,97,10.202879602298669,0.21649484536082475,10.202879602298669
3077,99,9.468548523874855,0.27835051546391754,9.468548523874855
3077,34,10.09436362685449,0.30721649484536084,10.09436362685449
3078,60,10.518217575837529,0.24948453608247423,10.518217575837529
3078,76,10.029312786697549,0.30927835051546393,10.029312786697549
3079,33,10.305542011954799,0.27010309278350514,10.305542011954799
3079,22,8.420836699761216,0.36082474226804123,8.420836699761216
3080,77,9.27505017520123,0.2556701030927835,9.27505017520123
3080,80,10.393273757186419,0.26597938144329897,10.393273757186419
3081,4,9.935410652947342,0.38144329896907214,9.935410652947342
3081,56,9.557608616946379,0.24742268041237114,9.557608616946379
3082,8,9.94516472920306,0.2515463917525773,9.94516472920306
3082,46,9.641792274612511,0.29896907216494845,9.641792274612511
3083,67,10.622160451281811,0.27835051546391754,10.622160451281811
3083,34,10.202743908944766,0.2907216494845361,10.202743908944766
3084,77,9.2925948829863,0.22268041237113403,9.2925948829863
3084,75,7.555180366768242,0.23505154639175257,7.555180366768242
3085,75,9.923090968724615,0.26804123711340205,9.923090968724615
3085,13,10.07212569209406,0.27835051546391754,10.07212569209406
3086,56,9.768767468764622,0.23711340206185566,9.768767468764622
3086,63,9.782222300814349,0.27422680412371137,9.782222300814349
3087,54,10.365649138261317,0.21855670103092784,10.365649138261317
3087,3,9.767345919470896,0.27010309278350514,9.767345919470896
3088,49,10.586740073773486,0.3134020618556701,10.586740073773486
3088,5,9.984750509365504,0.24742268041237114,9.984750509365504
3089,6,10.030109901244485,0.26597938144329897,10.030109901244485
3089,14,9.627892220353951,0.30721649484536084,9.627892220353951
3090,78,10.29107374778676,0.27835051546391754,10.29107374778676
3090,37,9.980712989635204,0.2309278350515464,9.980712989635204
3091,77,10.132626995029842,0.2804123711340206,10.132626995029842
3091,30,9.774199660149348,0.27010309278350514,9.774199660149348
3092,76,9.433506627277984,0.2309278350515464,9.433506627277984
3092,97,10.021783082767763,0.2824742268041237,10.021783082767763
3093,18,9.75884984050433,0.31958762886597936,9.75884984050433
3093,94,10.386214986364024,0.27422680412371137,10.386214986364024
3094,3,9.918716040865101,0.2639175257731959,9.918716040865101
3094,74,9.667729642011745,0.23711340206185566,9.667729642011745
3095,76,9.878367539812936,0.2927835051546392,9.878367539812936
3095,75,9.87558261444068,0.2927835051546392,9.87558261444068
3096,22,9.94812766612749,0.2804123711340206,9.94812766612749
3096,96,10.044785430701848,0.30515463917525776,10.044785430701848
3097,98,9.58196280224789,0.23711340206185566,9.58196280224789
3097,46,9.314597781608233,0.2845360824742268,9.314597781608233
3098,81,10.286101013235463,0.24742268041237114,10.286101013235463
3098,11,9.537742836710175,0.2824742268041237,9.537742836710175
3099,46,9.670643352430336,0.2329896907216495,9.670643352430336
3099,97,10.222461580833766,0.29896907216494845,10.222461580833766
3100,95,9.79439065787955,0.24948453608247423,9.79439065787955
3100,34,10.352840171061176,0.26597938144329897,10.352840171061176
3101,28,8.887955101434649,0.3216494845360825,8.887955101434649
3101,50,9.745240322074142,0.2845360824742268,9.745240322074142
3102,46,10.242152640711945,0.3216494845360825,10.242152640711945
3102,56,10.284266849380053,0.2845360824742268,10.284266849380053
3103,28,10.1594242215723,0.2639175257731959,10.1594242215723
3103,77,10.31784698882152,0.2845360824742268,10.31784698882152
3104,74,9.829332545510608,0.2556701030927835,9.829332545510608
3104,63,10.571647943845486,0.24123711340206186,10.571647943845486
3105,69,9.323852169205248,0.23505154639175257,9.323852169205248
3105,79,10.128433890248823,0.27010309278350514,10.128433890248823
3106,41,9.738139451946692,0.2288659793814433,9.738139451946692
3106,76,10.451060327499015,0.2268041237113402,10.451060327499015
3107,68,9.829883245021545,0.2845360824742268,9.829883245021545
3107,23,9.541230951686117,0.2927835051546392,9.541230951686117
3108,64,10.54169621337696,0.24948453608247423,10.54169621337696
3108,57,10.031791441642348,0.2804123711340206,10.031791441642348
3109,27,10.199581397341046,0.29690721649484536,10.199581397341046
3109,20,10.282266446269785,0.2804123711340206,10.282266446269785
3110,95,9.642997537351501,0.24329896907216494,9.642997537351501
3110,39,10.2874022879673,0.30927835051546393,10.2874022879673
3111,46,9.894609586938548,0.26804123711340205,9.894609586938548
3111,44,10.089613080809817,0.29896907216494845,10.089613080809817
3112,11,9.548702780001515,0.31958762886597936,9.548702780001515
3112,36,7.591511878760834,0.2639175257731959,7.591511878760834
3113,95,8.902168153180241,0.28865979381443296,8.902168153180241
3113,62,9.9734578467729,0.2865979381443299,9.9734578467729
3114,18,9.978348347133256,0.26597938144329897,9.978348347133256
3114,13,9.244973278952491,0.18762886597938144,9.244973278952491
3115,43,9.107671617847602,0.4,9.107671617847602
3115,30,8.41929401378563,0.3463917525773196,8.41929401378563
3116,36,9.24287478939149,0.24329896907216494,9.24287478939149
3116,89,10.089269682084211,0.30515463917525776,10.089269682084211
3117,30,9.094988703740862,0.2824742268041237,9.094988703740862
3117,72,9.592582448655802,0.2515463917525773,9.592582448655802
3118,85,9.920899957430096,0.2824742268041237,9.920899957430096
3118,83,10.341064918100045,0.2845360824742268,10.341064918100045
3119,11,9.787277884374083,0.2515463917525773,9.787277884374083
3119,14,10.083794470801632,0.27010309278350514,10.083794470801632
3120,95,10.317274091442055,0.2824742268041237,10.317274091442055
3120,79,9.994634261464306,0.2865979381443299,9.994634261464306
3121,80,10.658408481467154,0.3319587628865979,10.658408481467154
3121,73,9.744527080951036,0.27010309278350514,9.744527080951036
3122,43,10.057285752884578,0.2597938144329897,10.057285752884578
3122,68,8.850311510038585,0.2309278350515464,8.850311510038585
3123,14,10.193810116123919,0.27835051546391754,10.193810116123919
3123,47,9.844516181917268,0.29896907216494845,9.844516181917268
3124,68,10.193484629210465,0.32989690721649484,10.193484629210465
3124,11,10.109094797607435,0.22474226804123712,10.109094797607435
3125,37,10.651471559080402,0.24742268041237114,10.651471559080402
3125,70,10.243957008560685,0.2865979381443299,10.243957008560685
3126,45,9.753597615941679,0.30515463917525776,9.753597615941679
3126,78,9.778612067255693,0.2845360824742268,9.778612067255693
3127,85,9.861526531384186,0.2639175257731959,9.861526531384186
3127,89,10.476082622754799,0.2907216494845361,10.476082622754799
3128,20,10.362082053613102,0.29896907216494845,10.362082053613102
3128,56,10.581457592685704,0.2,10.581457592685704
3129,30,9.888329986485816,0.27010309278350514,9.888329986485816
3129,3,9.42286442001519,0.3216494845360825,9.42286442001519
3130,8,9.895719852493388,0.31958762886597936,9.895719852493388
3130,44,9.320104931081397,0.32989690721649484,9.320104931081397
3131,14,10.265139959444227,0.27835051546391754,10.265139959444227
3131,100,10.641867613128092,0.24123711340206186,10.641867613128092
3132,48,10.049878758434966,0.2721649484536082,10.049878758434966
3132,45,9.691564957313181,0.2804123711340206,9.691564957313181
3133,57,11.030072634354791,0.2845360824742268,11.030072634354791
3133,48,10.06435550334251,0.2721649484536082,10.06435550334251
3134,5,10.211530567679855,0.2948453608247423,10.211530567679855
3134,90,10.475408150767336,0.27628865979381445,10.475408150767336
3135,13,8.863233938529735,0.2824742268041237,8.863233938529735
3135,20,9.74604529294492,0.27422680412371137,9.74604529294492
3136,44,9.127203732074396,0.2804123711340206,9.127203732074396
3136,46,9.725614475347474,0.31958762886597936,9.725614475347474
3137,72,10.05496043133654,0.24536082474226803,10.05496043133654
3137,41,10.795838517693706,0.24123711340206186,10.795838517693706
3138,68,9.643559153540519,0.26597938144329897,9.643559153540519
3138,29,8.636152942546751,0.311340206185567,8.636152942546751
3139,94,10.16186899386431,0.31958762886597936,10.16186899386431
3139,7,10.00592349524417,0.21855670103092784,10.00592349524417
3140,78,10.590286905758171,0.32989690721649484,10.590286905758171
3140,22,10.645472312395393,0.2845360824742268,10.645472312395393
3141,36,10.122558257955026,0.21237113402061855,10.122558257955026
3141,38,9.942855992555698,0.27422680412371137,9.942855992555698
3142,99,9.770009432160267,0.27835051546391754,9.770009432160267
3142,46,10.814416418879702,0.31958762886597936,10.814416418879702
3143,43,10.186681075922214,0.23505154639175257,10.186681075922214
3143,35,10.211218981050507,0.3134020618556701,10.211218981050507
3144,13,10.81875155758619,0.19381443298969073,10.81875155758619
3144,27,10.270755735810452,0.30515463917525776,10.270755735810452
3145,86,9.217914909347284,0.21855670103092784,9.217914909347284
3145,38,10.257079918206658,0.30103092783505153,10.257079918206658
3146,62,9.370414043696854,0.3402061855670103,9.370414043696854
3146,96,10.049137367488589,0.2865979381443299,10.049137367488589
3147,45,10.203458702756812,0.25773195876288657,10.203458702756812
3147,74,9.832059936726264,0.2824742268041237,9.832059936726264
3148,28,10.191497484419592,0.3030927835051546,10.191497484419592
3148,53,10.356617019078316,0.3154639175257732,10.356617019078316
3149,72,10.166720626833607,0.30721649484536084,10.166720626833607
3149,1,10.57862099673726,0.27628865979381445,10.57862099673726
3150,29,9.984789872021,0.2288659793814433,9.984789872021
3150,44,10.447109432360755,0.2288659793814433,10.447109432360755
3151,30,9.322125742566298,0.27422680412371137,9.322125742566298
3151,4,9.488149196677153,0.25773195876288657,9.488149196677153
3152,95,9.676379003771364,0.27835051546391754,9.676379003771364
3152,34,9.53339999360307,0.27010309278350514,9.53339999360307
3153,62,10.391007945335181,0.2536082474226804,10.391007945335181
3153,6,10.063633009987287,0.22474226804123712,10.063633009987287
3154,75,9.465236551437917,0.27835051546391754,9.465236551437917
3154,36,9.888458145972088,0.27628865979381445,9.888458145972088
3155,99,10.10184023390067,0.29690721649484536,10.10184023390067
3155,70,9.77763361330892,0.44948453608247424,9.77763361330892
3156,75,10.18492656544531,0.28865979381443296,10.18492656544531
3156,62,9.616352265194356,0.24329896907216494,9.616352265194356
3157,4,9.120623149882066,0.2804123711340206,9.120623149882066
3157,82,9.787231045824404,0.24742268041237114,9.787231045824404
3158,69,10.809159949624892,0.2927835051546392,10.809159949624892
3158,8,10.4231833419399,0.29690721649484536,10.4231833419399
3159,74,10.569313029467303,0.27010309278350514,10.569313029467303
3159,35,10.426863059483379,0.2639175257731959,10.426863059483379
3160,5,10.003065637582973,0.28865979381443296,10.003065637582973
3160,32,5.474587052367493,0.4061855670103093,5.474587052367493
3161,98,9.564651373445521,0.30515463917525776,9.564651373445521
3161,24,9.763864859496502,0.30721649484536084,9.763864859496502
3162,28,10.421547498552655,0.30515463917525776,10.421547498552655
3162,81,10.994260413716285,0.2865979381443299,10.994260413716285
3163,95,10.55639190827337,0.2639175257731959,10.55639190827337
3163,70,9.999554419736501,0.26804123711340205,9.999554419736501
3164,23,10.484704684933249,0.2618556701030928,10.484704684933249
3164,62,9.999838262966751,0.2907216494845361,9.999838262966751
3165,42,9.894023082862802,0.27628865979381445,9.894023082862802
3165,59,10.694004419297679,0.24536082474226803,10.694004419297679
3166,47,9.802896138350764,0.24329896907216494,9.802896138350764
3166,39,10.380574365068446,0.27835051546391754,10.380574365068446
3167,32,10.173646485196015,0.2556701030927835,10.173646485196015
3167,45,10.113355535240403,0.2804123711340206,10.113355535240403
3168,68,10.390714227872058,0.2721649484536082,10.390714227872058
3168,18,10.142978533920719,0.23711340206185566,10.142978533920719
3169,4,10.238385451496063,0.2721649484536082,10.238385451496063
3169,85,9.841520326508961,0.2618556701030928,9.841520326508961
3170,99,10.538148377696615,0.27628865979381445,10.538148377696615
3170,32,5.0286268915356604,0.13402061855670103,5.0286268915356604
3171,62,5.811141230122447,0.20618556701030927,5.811141230122447
3171,33,10.092666028521151,0.30103092783505153,10.092666028521151
3172,79,10.348104498776324,0.26597938144329897,10.348104498776324
3172,72,10.212103419571267,0.30721649484536084,10.212103419571267
3173,3,11.171087126811624,0.26804123711340205,11.171087126811624
3173,36,9.541697653927628,0.2865979381443299,9.541697653927628
3174,36,10.092068141807687,0.3319587628865979,10.092068141807687
3174,42,10.229106374091316,0.311340206185567,10.229106374091316
3175,28,8.667036611855687,0.31958762886597936,8.667036611855687
3175,23,10.183656545061195,0.2597938144329897,10.183656545061195
3176,62,9.933168865129414,0.30103092783505153,9.933168865129414
3176,28,9.587769518370296,0.21855670103092784,9.587769518370296
3177,29,10.18667695032932,0.2948453608247423,10.18667695032932
3177,10,9.855643347091101,0.30103092783505153,9.855643347091101
3178,85,10.381626501630025,0.28865979381443296,10.381626501630025
3178,4,10.641205074136767,0.311340206185567,10.641205074136767
3179,23,9.725933161806863,0.28865979381443296,9.725933161806863
3179,26,10.190843220399708,0.2556701030927835,10.190843220399708
3180,28,9.841937278659811,0.27422680412371137,9.841937278659811
3180,33,10.049360157720438,0.2597938144329897,10.049360157720438
3181,35,10.24356919530844,0.25773195876288657,10.24356919530844
3181,90,10.062438392530673,0.21443298969072164,10.062438392530673
3182,45,10.284395494070512,0.27422680412371137,10.284395494070512
3182,72,10.200320716123056,0.32783505154639175,10.200320716123056
3183,98,10.447770682035236,0.3443298969072165,10.447770682035236
3183,23,10.010679910372936,0.2865979381443299,10.010679910372936
3184,82,9.866587814762232,0.2824742268041237,9.866587814762232
3184,6,10.356663153900582,0.2309278350515464,10.356663153900582
3185,20,9.95847174958743,0.24329896907216494,9.95847174958743
3185,84,9.679198416439739,0.30721649484536084,9.679198416439739
3186,70,9.741043497201565,0.27010309278350514,9.741043497201565
3186,18,9.821614026283921,0.311340206185567,9.821614026283921
3187,30,10.649348213882966,0.28865979381443296,10.649348213882966
3187,24,10.040305200849302,0.31958762886597936,10.040305200849302
3188,7,10.229441851204166,0.311340206185567,10.229441851204166
3188,90,10.10936162138383,0.2865979381443299,10.10936162138383
3189,48,10.08712850551203,0.18350515463917524,10.08712850551203
3189,11,9.568539750667506,0.2804123711340206,9.568539750667506
3190,73,9.88325269395071,0.18350515463917524,9.88325269395071
3190,35,10.166013698572277,0.21649484536082475,10.166013698572277
3191,5,9.190277571547794,0.26597938144329897,9.190277571547794
3191,19,8.991549587645192,0.25773195876288657,8.991549587645192
3192,18,9.399160503141784,0.2845360824742268,9.399160503141784
3192,97,9.867700514834558,0.2907216494845361,9.867700514834558
3193,94,10.15145339731399,0.2927835051546392,10.15145339731399
3193,98,10.573307995610827,0.24536082474226803,10.573307995610827
3194,19,10.398047042816762,0.27010309278350514,10.398047042816762
3194,42,9.798330747783698,0.27628865979381445,9.798330747783698
3195,33,10.116998472781981,0.27835051546391754,10.116998472781981
3195,36,10.596741948851426,0.2865979381443299,10.596741948851426
3196,35,10.294480117668282,0.2824742268041237,10.294480117668282
3196,43,9.570241725569275,0.3463917525773196,9.570241725569275
3197,10,10.147669468061396,0.22268041237113403,10.147669468061396
3197,20,9.934012423161752,0.2597938144329897,9.934012423161752
3198,34,9.911020837940068,0.29690721649484536,9.911020837940068
3198,28,8.859455128111572,0.3525773195876289,8.859455128111572
3199,11,8.886004902008635,0.26804123711340205,8.886004902008635
3199,24,10.258301291145177,0.29896907216494845,10.258301291145177
3200,18,10.717949053428475,0.2309278350515464,10.717949053428475
3200,94,9.411539168800736,0.28865979381443296,9.411539168800736
3201,32,10.072231630307332,0.20824742268041238,10.072231630307332
3201,86,9.873421639546258,0.27010309278350514,9.873421639546258
3202,28,9.606573699926582,0.24742268041237114,9.606573699926582
3202,20,10.48365595247073,0.29690721649484536,10.48365595247073
3203,94,10.224636543325527,0.2536082474226804,10.224636543325527
3203,26,10.09907339629517,0.2329896907216495,10.09907339629517
3204,28,9.279647831230557,0.30515463917525776,9.279647831230557
3204,96,7.964119002479518,0.27010309278350514,7.964119002479518
3205,47,8.092947669749236,0.33608247422680415,8.092947669749236
3205,33,9.652791779174137,0.2639175257731959,9.652791779174137
3206,47,10.282450220240746,0.23917525773195877,10.282450220240746
3206,8,10.779153183989024,0.2948453608247423,10.779153183989024
3207,97,9.21927244976754,0.2618556701030928,9.21927244976754
3207,23,10.22990043730374,0.2536082474226804,10.22990043730374
3208,70,9.633459303231323,0.31958762886597936,9.633459303231323
3208,42,10.215542486637775,0.29690721649484536,10.215542486637775
3209,87,10.001066115624432,0.2907216494845361,10.001066115624432
3209,92,10.172763664567192,0.24536082474226803,10.172763664567192
3210,34,9.752568421417118,0.30103092783505153,9.752568421417118
3210,77,10.448450415256636,0.29690721649484536,10.448450415256636
3211,11,10.086472347311108,0.27010309278350514,10.086472347311108
3211,9,9.9826873324841,0.334020618556701,9.9826873324841
3212,6,8.094109487983806,0.3628865979381443,8.094109487983806
3212,76,10.487012459319622,0.2556701030927835,10.487012459319622
3213,51,10.126542702127187,0.3463917525773196,10.126542702127187
3213,21,9.522395141071986,0.2907216494845361,9.522395141071986
3214,5,10.278737661155938,0.23711340206185566,10.278737661155938
3214,7,10.23608291194026,0.30927835051546393,10.23608291194026
3215,32,10.12078131359767,0.29690721649484536,10.12078131359767
3215,92,10.301536872363904,0.25773195876288657,10.301536872363904
3216,26,10.601566145395756,0.26804123711340205,10.601566145395756
3216,14,10.362204634950068,0.30721649484536084,10.362204634950068
3217,34,9.416279937126854,0.3237113402061856,9.416279937126854
3217,64,9.084891166780759,0.2845360824742268,9.084891166780759
3218,29,9.448128080516588,0.3134020618556701,9.448128080516588
3218,12,10.844484660102731,0.24329896907216494,10.844484660102731
3219,83,6.988767159356229,0.23711340206185566,6.988767159356229
3219,52,7.678813956138255,0.2845360824742268,7.678813956138255
3220,84,8.819801118505318,0.3422680412371134,8.819801118505318
3220,75,9.685990748022755,0.311340206185567,9.685990748022755
3221,6,10.467077990447843,0.31752577319587627,10.467077990447843
3221,94,10.302730180985192,0.2309278350515464,10.302730180985192
3222,42,10.72900738639544,0.23711340206185566,10.72900738639544
3222,23,10.03064304412019,0.35670103092783506,10.03064304412019
3223,52,10.427572165099892,0.26597938144329897,10.427572165099892
3223,73,10.158371735256749,0.31958762886597936,10.158371735256749
3224,19,8.947073353568069,0.3154639175257732,8.947073353568069
3224,65,10.182531743755021,0.23917525773195877,10.182531743755021
3225,64,10.930761179729311,0.2721649484536082,10.930761179729311
3225,34,9.913708096908238,0.24948453608247423,9.913708096908238
3226,21,8.74277345337317,0.32783505154639175,8.74277345337317
3226,32,9.981825931482039,0.3154639175257732,9.981825931482039
3227,34,9.948923496001084,0.28865979381443296,9.948923496001084
3227,7,10.819677037816357,0.30515463917525776,10.819677037816357
3228,84,9.491582421356146,0.33814432989690724,9.491582421356146
3228,28,10.480823617524992,0.2845360824742268,10.480823617524992
3229,96,10.171394766518311,0.24948453608247423,10.171394766518311
3229,50,10.101171139534687,0.2556701030927835,10.101171139534687
3230,21,8.572853454242464,0.35670103092783506,8.572853454242464
3230,9,9.731979326500339,0.3319587628865979,9.731979326500339
3231,62,10.995947605705368,0.25773195876288657,10.995947605705368
3231,60,10.209694960998734,0.2845360824742268,10.209694960998734
3232,43,9.62539027253313,0.29690721649484536,9.62539027253313
3232,51,10.500712211813248,0.3154639175257732,10.500712211813248
3233,35,10.802921444333755,0.27835051546391754,10.802921444333755
3233,61,10.478324549185652,0.31958762886597936,10.478324549185652
3234,33,10.806386491210112,0.26597938144329897,10.806386491210112
3234,11,10.347305554632191,0.2515463917525773,10.347305554632191
3235,39,9.292775402877723,0.30721649484536084,9.292775402877723
3235,77,9.077360238361079,0.28865979381443296,9.077360238361079
3236,84,10.021626851935164,0.2721649484536082,10.021626851935164
3236,65,9.839871870387496,0.28865979381443296,9.839871870387496
3237,86,8.080129070345045,0.3463917525773196,8.080129070345045
3237,10,10.57033409809078,0.26597938144329897,10.57033409809078
3238,34,9.890624641113481,0.30103092783505153,9.890624641113481
3238,47,10.689213938289653,0.3030927835051546,10.689213938289653
3239,90,8.771954972836372,0.29896907216494845,8.771954972836372
3239,94,10.18789005049208,0.24329896907216494,10.18789005049208
3240,65,9.710825399004944,0.2639175257731959,9.710825399004944
3240,85,10.791899243010722,0.29896907216494845,10.791899243010722
3241,83,10.617818353671433,0.24329896907216494,10.617818353671433
3241,90,10.595015965253085,0.33608247422680415,10.595015965253085
3242,73,8.405705178523354,0.3422680412371134,8.405705178523354
3242,2,9.973444288534864,0.2845360824742268,9.973444288534864
3243,21,10.188841930575492,0.20824742268041238,10.188841930575492
3243,97,10.708249895238913,0.2618556701030928,10.708249895238913
3244,96,10.372218929293828,0.29896907216494845,10.372218929293828
3244,94,9.307889484071362,0.27628865979381445,9.307889484071362
3245,43,10.273549503298518,0.31752577319587627,10.273549503298518
3245,16,10.022698999906753,0.3237113402061856,10.022698999906753
3246,94,9.94934527289863,0.3463917525773196,9.94934527289863
3246,72,10.1585797944634,0.2556701030927835,10.1585797944634
3247,20,10.494576612015262,0.2268041237113402,10.494576612015262
3247,58,9.553310891689906,0.27628865979381445,9.553310891689906
3248,70,7.513302799470318,0.36907216494845363,7.513302799470318
3248,98,8.274657921979985,0.334020618556701,8.274657921979985
3249,73,10.798834268258336,0.2907216494845361,10.798834268258336
3249,84,10.149987436445295,0.30927835051546393,10.149987436445295
3250,19,9.805071027419327,0.30103092783505153,9.805071027419327
3250,58,8.85052853740078,0.3030927835051546,8.85052853740078
3251,2,10.765596969233652,0.28865979381443296,10.765596969233652
3251,96,10.31321856297032,0.30721649484536084,10.31321856297032
3252,82,10.191927125122419,0.31752577319587627,10.191927125122419
3252,38,10.498726728124552,0.29896907216494845,10.498726728124552
3253,84,10.452148612694751,0.2309278350515464,10.452148612694751
3253,74,9.749961941185592,0.21237113402061855,9.749961941185592
3254,76,9.442799994659383,0.32577319587628867,9.442799994659383
3254,20,9.830859708193833,0.2845360824742268,9.830859708193833
3255,76,10.218877769711376,0.2948453608247423,10.218877769711376
3255,48,10.411074422161423,0.30721649484536084,10.411074422161423
3256,86,10.542448924118778,0.20618556701030927,10.542448924118778
3256,39,9.860952818322952,0.22474226804123712,9.860952818322952
3257,75,9.207858990642078,0.2515463917525773,9.207858990642078
3257,50,10.615381790195809,0.25773195876288657,10.615381790195809
3258,9,9.636636323967743,0.29896907216494845,9.636636323967743
3258,34,10.332599775843024,0.311340206185567,10.332599775843024
3259,77,7.748147902430069,0.23917525773195877,7.748147902430069
3259,9,8.98545218672466,0.2268041237113402,8.98545218672466
3260,94,10.124329777362606,0.29690721649484536,10.124329777362606
3260,76,9.660379445166587,0.30721649484536084,9.660379445166587
3261,31,9.83959021849746,0.27628865979381445,9.83959021849746
3261,28,10.127634681408784,0.2721649484536082,10.127634681408784
3262,77,10.464492058785707,0.28865979381443296,10.464492058785707
3262,79,10.52706010862658,0.27835051546391754,10.52706010862658
3263,9,10.055397274953773,0.31958762886597936,10.055397274953773
3263,19,10.355341926307519,0.30927835051546393,10.355341926307519
3264,82,9.322406354060583,0.33814432989690724,9.322406354060583
3264,71,8.947738005465457,0.26597938144329897,8.947738005465457
3265,43,9.305587944096937,0.2948453608247423,9.305587944096937
3265,15,10.754772148025419,0.2556701030927835,10.754772148025419
3266,31,10.503944513143066,0.32783505154639175,10.503944513143066
3266,72,10.222313695371692,0.32577319587628867,10.222313695371692
3267,89,10.00573416309649,0.3030927835051546,10.00573416309649
3267,51,10.710461876365683,0.30721649484536084,10.710461876365683
3268,70,10.349970423216394,0.2556701030927835,10.349970423216394
3268,82,10.554779478610081,0.2639175257731959,10.554779478610081
3269,20,9.653133134093649,0.27010309278350514,9.653133134093649
3269,53,10.148480989621238,0.3237113402061856,10.148480989621238
3270,70,10.848036978113381,0.2845360824742268,10.848036978113381
3270,68,10.66265556010862,0.2907216494845361,10.66265556010862
3271,75,8.616195991122595,0.35051546391752575,8.616195991122595
3271,74,11.12496248574635,0.23917525773195877,11.12496248574635
3272,65,10.758393967144949,0.25773195876288657,10.758393967144949
3272,99,9.68946437695521,0.2927835051546392,9.68946437695521
3273,99,9.783429141454354,0.3216494845360825,9.783429141454354
3273,34,10.654115350546405,0.25773195876288657,10.654115350546405
3274,21,8.492246360959431,0.34845360824742266,8.492246360959431
3274,38,8.348326057739985,0.3731958762886598,8.348326057739985
3275,45,10.516983058486968,0.2865979381443299,10.516983058486968
3275,67,9.141329809484656,0.3711340206185567,9.141329809484656
3276,14,9.195770518427755,0.3216494845360825,9.195770518427755
3276,44,6.311807745868514,0.44948453608247424,6.311807745868514
3277,94,8.095789245415183,0.3237113402061856,8.095789245415183
3277,28,9.888635594351433,0.334020618556701,9.888635594351433
3278,89,10.652319820156606,0.2948453608247423,10.652319820156606
3278,16,10.240640177550818,0.27422680412371137,10.240640177550818
3279,71,10.804104709395679,0.31958762886597936,10.804104709395679
3279,87,9.859009411523045,0.2721649484536082,9.859009411523045
3280,21,10.387672154708326,0.26597938144329897,10.387672154708326
3280,96,9.907916949413782,0.27628865979381445,9.907916949413782
3281,20,10.600941209185194,0.2536082474226804,10.600941209185194
3281,23,10.456632633289276,0.2556701030927835,10.456632633289276
3282,50,10.286249363866135,0.3319587628865979,10.286249363866135
3282,100,9.895195164830463,0.23711340206185566,9.895195164830463
3283,32,10.702153473091073,0.2639175257731959,10.702153473091073
3283,11,10.435823150536587,0.3030927835051546,10.435823150536587
3284,60,11.282916575085892,0.27010309278350514,11.282916575085892
3284,11,9.790093360626486,0.27628865979381445,9.790093360626486
3285,38,10.15081923866412,0.2639175257731959,10.15081923866412
3285,83,10.198178213698236,0.23711340206185566,10.198178213698236
3286,99,10.438182700474705,0.2804123711340206,10.438182700474705
3286,95,9.715436772046303,0.31752577319587627,9.715436772046303
3287,67,10.460902472842244,0.3154639175257732,10.460902472842244
3287,5,10.444253664251873,0.26597938144329897,10.444253664251873
3288,49,10.41288759163996,0.3216494845360825,10.41288759163996
3288,80,9.537861401053124,0.27010309278350514,9.537861401053124
3289,92,10.139067843153182,0.26804123711340205,10.139067843153182
3289,88,10.323390161021695,0.334020618556701,10.323390161021695
3290,98,9.81837950466188,0.3216494845360825,9.81837950466188
3290,24,10.326913233212748,0.30721649484536084,10.326913233212748
3291,94,10.112472047422532,0.30515463917525776,10.112472047422532
3291,16,10.438772098382135,0.3134020618556701,10.438772098382135
3292,9,10.308357997585283,0.2865979381443299,10.308357997585283
3292,38,9.833270965980043,0.2865979381443299,9.833270965980043
3293,29,9.512018315200567,0.3319587628865979,9.512018315200567
3293,88,10.802197359060843,0.2845360824742268,10.802197359060843
3294,75,9.786240187112206,0.2927835051546392,9.786240187112206
3294,11,9.349786818474945,0.3443298969072165,9.349786818474945
3295,94,8.652121030919785,0.311340206185567,8.652121030919785
3295,72,8.973673668975582,0.35876288659793815,8.973673668975582
3296,92,8.853351604611465,0.30927835051546393,8.853351604611465
3296,6,10.540836616597254,0.3030927835051546,10.540836616597254
3297,77,10.750680696956247,0.26597938144329897,10.750680696956247
3297,10,10.339413950464465,0.2618556701030928,10.339413950464465
3298,4,9.8417915549691,0.30515463917525776,9.8417915549691
3298,71,11.08169209736205,0.2597938144329897,11.08169209736205
3299,99,10.451937629663064,0.33608247422680415,10.451937629663064
3299,23,9.825411426113671,0.32989690721649484,9.825411426113671
3300,11,10.73347963570895,0.311340206185567,10.73347963570895
3300,38,10.491518202158536,0.2927835051546392,10.491518202158536
3301,98,9.637604150986945,0.2865979381443299,9.637604150986945
3301,39,9.84805865049011,0.30721649484536084,9.84805865049011
3302,76,9.80200761957803,0.3402061855670103,9.80200761957803
3302,9,10.318001595225931,0.2845360824742268,10.318001595225931
3303,72,10.113615205874535,0.2865979381443299,10.113615205874535
3303,4,10.838458061604143,0.24742268041237114,10.838458061604143
3304,63,9.93088919510946,0.24948453608247423,9.93088919510946
3304,47,10.53098464816344,0.2804123711340206,10.53098464816344
3305,98,10.136201309170415,0.22061855670103092,10.136201309170415
3305,10,10.88601753645911,0.27835051546391754,10.88601753645911
3306,5,11.406293026282459,0.2618556701030928,11.406293026282459
3306,67,9.78423175504851,0.3237113402061856,9.78423175504851
3307,39,9.748212573035541,0.3443298969072165,9.748212573035541
3307,9,8.408518985690053,0.3649484536082474,8.408518985690053
3308,49,9.433618349557353,0.1979381443298969,9.433618349557353
3308,90,8.822427420071856,0.34845360824742266,8.822427420071856
3309,80,9.793925362060982,0.30515463917525776,9.793925362060982
3309,37,8.922563059486363,0.31958762886597936,8.922563059486363
3310,44,9.998785636907435,0.3154639175257732,9.998785636907435
3310,20,10.76653211121177,0.2639175257731959,10.76653211121177
3311,14,11.10872696950715,0.2536082474226804,11.10872696950715
3311,29,10.697784358079799,0.3237113402061856,10.697784358079799
3312,90,10.003469532551899,0.4061855670103093,10.003469532551899
3312,83,8.46793863999041,0.3443298969072165,8.46793863999041
3313,86,9.810211739712146,0.33608247422680415,9.810211739712146
3313,11,9.892921003329642,0.3134020618556701,9.892921003329642
3314,87,11.411937023165784,0.21855670103092784,11.411937023165784
3314,100,10.581170375332196,0.3422680412371134,10.581170375332196
3315,19,10.277619178610083,0.29896907216494845,10.277619178610083
3315,66,10.318482565475167,0.27422680412371137,10.318482565475167
3316,83,10.31782939057443,0.2907216494845361,10.31782939057443
3316,11,7.88876422926874,0.4061855670103093,7.88876422926874
3317,66,10.445994787823508,0.31752577319587627,10.445994787823508
3317,36,10.154204880708924,0.3402061855670103,10.154204880708924
3318,53,9.549642875277394,0.3319587628865979,9.549642875277394
3318,78,10.583171401298767,0.26597938144329897,10.583171401298767
3319,72,10.072918599216147,0.22268041237113403,10.072918599216147
3319,31,10.197368460716554,0.30927835051546393,10.197368460716554
3320,9,10.749374503224077,0.311340206185567,10.749374503224077
3320,58,10.6852126894719,0.2515463917525773,10.6852126894719
3321,43,10.293237356568318,0.3319587628865979,10.293237356568318
3321,76,10.321434783822015,0.27422680412371137,10.321434783822015
3322,31,9.71635112727396,0.28865979381443296,9.71635112727396
3322,13,10.459341355903849,0.3216494845360825,10.459341355903849
3323,59,10.321314805839796,0.2804123711340206,10.321314805839796
3323,9,9.917490907685696,0.2309278350515464,9.917490907685696
3324,37,9.248217597276053,0.3422680412371134,9.248217597276053
3324,96,10.46622131807583,0.21855670103092784,10.46622131807583
3325,53,10.806051690585893,0.2556701030927835,10.806051690585893
3325,72,10.164387211843813,0.22474226804123712,10.164387211843813
3326,72,10.536488557198991,0.30515463917525776,10.536488557198991
3326,59,8.812100515252537,0.3402061855670103,8.812100515252537
3327,90,9.595538453257928,0.23505154639175257,9.595538453257928
3327,52,8.92254139121924,0.30721649484536084,8.92254139121924
3328,31,11.15488345713645,0.3134020618556701,11.15488345713645
3328,39,10.467117424672303,0.354639175257732,10.467117424672303
3329,84,10.123549149044617,0.2804123711340206,10.123549149044617
3329,13,10.390619044774573,0.2927835051546392,10.390619044774573
3330,37,9.4848679260745,0.2536082474226804,9.4848679260745
3330,50,10.039649867951594,0.33814432989690724,10.039649867951594
3331,86,10.957876390104069,0.3030927835051546,10.957876390104069
3331,23,10.062307479079175,0.32989690721649484,10.062307479079175
3332,49,10.686319092354399,0.3216494845360825,10.686319092354399
3332,95,11.10496482048709,0.2515463917525773,11.10496482048709
3333,16,10.569588377737706,0.2927835051546392,10.569588377737706
3333,6,10.165891096787847,0.27422680412371137,10.165891096787847
3334,48,9.953824923052741,0.27628865979381445,9.953824923052741
3334,79,10.366424989171595,0.1711340206185567,10.366424989171595
3335,11,9.793973360172075,0.3319587628865979,9.793973360172075
3335,24,9.783645625221789,0.30103092783505153,9.783645625221789
3336,75,10.261418296427445,0.3154639175257732,10.261418296427445
3336,80,8.928715765098,0.41237113402061853,8.928715765098
3337,94,10.394436964889213,0.2804123711340206,10.394436964889213
3337,72,9.192344607241097,0.2824742268041237,9.192344607241097
3338,43,9.3060914925616,0.24948453608247423,9.3060914925616
3338,12,10.705896497532004,0.24948453608247423,10.705896497532004
3339,63,10.78097342886959,0.28865979381443296,10.78097342886959
3339,84,10.368128477692643,0.2536082474226804,10.368128477692643
3340,28,10.526226761090136,0.29896907216494845,10.526226761090136
3340,50,8.604877155550959,0.36907216494845363,8.604877155550959
3341,11,10.483560627173203,0.24948453608247423,10.483560627173203
3341,26,10.58394021055262,0.27835051546391754,10.58394021055262
3342,76,9.362535529206147,0.27010309278350514,9.362535529206147
3342,56,10.296026438168457,0.30721649484536084,10.296026438168457
3343,90,10.51490863062804,0.2597938144329897,10.51490863062804
3343,61,9.71873783042127,0.32577319587628867,9.71873783042127
3344,79,9.46975444688497,0.21649484536082475,9.46975444688497
3344,39,9.569986435864493,0.3216494845360825,9.569986435864493
3345,80,8.475304022879376,0.38556701030927837,8.475304022879376
3345,39,10.212697710030202,0.27835051546391754,10.212697710030202
3346,82,10.950522374140647,0.29690721649484536,10.950522374140647
3346,88,9.797817598329729,0.31958762886597936,9.797817598329729
3347,43,10.469686342513652,0.30927835051546393,10.469686342513652
3347,67,9.599441891092212,0.2948453608247423,9.599441891092212
3348,61,9.612555498775285,0.3319587628865979,9.612555498775285
3348,11,10.873642786185346,0.2824742268041237,10.873642786185346
3349,92,10.52270663190794,0.3154639175257732,10.52270663190794
3349,83,10.518330701246313,0.3422680412371134,10.518330701246313
3350,1,9.779956984711937,0.3835051546391753,9.779956984711937
3350,18,9.941776494536313,0.2804123711340206,9.941776494536313
3351,44,7.774135312559779,0.27835051546391754,7.774135312559779
3351,19,9.63335014952197,0.27628865979381445,9.63335014952197
3352,9,10.35950017080552,0.30515463917525776,10.35950017080552
3352,75,10.463371892491349,0.2804123711340206,10.463371892491349
3353,94,10.378012287909899,0.3030927835051546,10.378012287909899
3353,43,10.595723125150123,0.31958762886597936,10.595723125150123
3354,56,10.630736161347155,0.1711340206185567,10.630736161347155
3354,16,10.285683944081748,0.27422680412371137,10.285683944081748
3355,1,10.917622832817095,0.24123711340206186,10.917622832817095
3355,39,10.252037856965062,0.30103092783505153,10.252037856965062
3356,79,9.795261559764409,0.33608247422680415,9.795261559764409
3356,39,9.262824634825112,0.35051546391752575,9.262824634825112
3357,6,9.796594821193978,0.32989690721649484,9.796594821193978
3357,38,10.336549575134399,0.2721649484536082,10.336549575134399
3358,44,9.644771688461791,0.32989690721649484,9.644771688461791
3358,49,9.263243585858639,0.3154639175257732,9.263243585858639
3359,36,10.74559692142116,0.2556701030927835,10.74559692142116
3359,91,10.229802440309285,0.24536082474226803,10.229802440309285
3360,67,10.39283571365774,0.27835051546391754,10.39283571365774
3360,24,7.66966266992467,0.4,7.66966266992467
3361,79,9.489649438187103,0.28865979381443296,9.489649438187103
3361,13,10.082813597151551,0.34845360824742266,10.082813597151551
3362,79,9.970652359796103,0.32989690721649484,9.970652359796103
3362,27,10.28381787829255,0.2597938144329897,10.28381787829255
3363,72,9.348589707957318,0.33814432989690724,9.348589707957318
3363,21,10.39271140327026,0.2845360824742268,10.39271140327026
3364,39,9.926141668546986,0.36907216494845363,9.926141668546986
3364,61,9.416231188376946,0.2948453608247423,9.416231188376946
3365,54,10.982109207936857,0.2309278350515464,10.982109207936857
3365,32,10.390620505433438,0.26804123711340205,10.390620505433438
3366,24,10.513003928646292,0.33608247422680415,10.513003928646292
3366,80,9.766304903447011,0.24123711340206186,9.766304903447011
3367,91,10.546555658497356,0.27010309278350514,10.546555658497356
3367,90,7.527931467104216,0.4948453608247423,7.527931467104216
3368,90,10.378225213773113,0.31752577319587627,10.378225213773113
3368,61,10.281796036241277,0.2948453608247423,10.281796036241277
3369,39,10.798921639575198,0.21855670103092784,10.798921639575198
3369,13,9.104187534127579,0.311340206185567,9.104187534127579
3370,68,10.44554595950824,0.31752577319587627,10.44554595950824
3370,40,10.589755716240658,0.3216494845360825,10.589755716240658
3371,47,9.761778817109791,0.3628865979381443,9.761778817109791
3371,12,8.360549332619877,0.32783505154639175,8.360549332619877
3372,9,10.325670566672153,0.27628865979381445,10.325670566672153
3372,36,9.875248950464142,0.2927835051546392,9.875248950464142
3373,12,10.51503720968863,0.2845360824742268,10.51503720968863
3373,76,10.24025987792307,0.2948453608247423,10.24025987792307
3374,98,10.84658752680104,0.2824742268041237,10.84658752680104
3374,45,9.308328966962756,0.32577319587628867,9.308328966962756
3375,80,10.713283487014571,0.2721649484536082,10.713283487014571
3375,76,10.470948361031294,0.22474226804123712,10.470948361031294
3376,45,10.09095801571848,0.2721649484536082,10.09095801571848
3376,34,10.19113611095649,0.27835051546391754,10.19113611095649
3377,37,10.474633347968187,0.32577319587628867,10.474633347968187
3377,44,9.470660432218848,0.35051546391752575,9.470660432218848
3378,21,9.992805370356443,0.4515463917525773,9.992805370356443
3378,83,9.698402982981149,0.3216494845360825,9.698402982981149
3379,6,9.3565085629485,0.32783505154639175,9.3565085629485
3379,99,10.803596961754641,0.2721649484536082,10.803596961754641
3380,50,10.62073999144128,0.30103092783505153,10.62073999144128
3380,52,9.940768259546637,0.3154639175257732,9.940768259546637
3381,92,11.624621533692487,0.24536082474226803,11.624621533692487
3381,43,9.049756603234659,0.2865979381443299,9.049756603234659
3382,28,9.907945911370733,0.2804123711340206,9.907945911370733
3382,51,10.35531288498658,0.27010309278350514,10.35531288498658
3383,19,9.827954390919809,0.27835051546391754,9.827954390919809
3383,94,10.787812516867223,0.2329896907216495,10.787812516867223
3384,21,8.690586806035851,0.3134020618556701,8.690586806035851
3384,17,10.857199903976284,0.2556701030927835,10.857199903976284
3385,18,10.337741475565052,0.3216494845360825,10.337741475565052
3385,27,8.673010607551758,0.31752577319587627,8.673010607551758
3386,30,8.088548554461235,0.3752577319587629,8.088548554461235
3386,99,9.307046325750024,0.29690721649484536,9.307046325750024
3387,23,10.356756557603328,0.29690721649484536,10.356756557603328
3387,55,9.809094914116422,0.23711340206185566,9.809094914116422
3388,45,11.071665295999564,0.29690721649484536,11.071665295999564
3388,91,11.040444440110239,0.27835051546391754,11.040444440110239
3389,19,8.97700644874277,0.334020618556701,8.97700644874277
3389,77,10.989682382893111,0.23917525773195877,10.989682382893111
3390,55,11.084467401309613,0.2865979381443299,11.084467401309613
3390,100,9.379746116845952,0.34845360824742266,9.379746116845952
3391,13,8.696296997496516,0.38144329896907214,8.696296997496516
3391,83,10.181646249397563,0.32577319587628867,10.181646249397563
3392,30,10.577602315031674,0.2907216494845361,10.577602315031674
3392,47,9.831215390738878,0.3134020618556701,9.831215390738878
3393,61,9.488060526712031,0.3030927835051546,9.488060526712031
3393,38,11.298596973619128,0.27835051546391754,11.298596973619128
3394,27,10.92257039209166,0.26804123711340205,10.92257039209166
3394,75,10.07620783092949,0.3628865979381443,10.07620783092949
3395,48,10.105109603225534,0.31752577319587627,10.105109603225534
3395,16,11.097081164752186,0.28865979381443296,11.097081164752186
3396,88,10.74070583599829,0.25773195876288657,10.74070583599829
3396,42,10.032968230438414,0.32783505154639175,10.032968230438414
3397,21,8.646172418283752,0.30721649484536084,8.646172418283752
3397,48,10.262218723311731,0.27835051546391754,10.262218723311731
3398,75,10.805629693194257,0.25773195876288657,10.805629693194257
3398,89,9.227380164697953,0.3216494845360825,9.227380164697953
3399,49,9.221678545419635,0.28865979381443296,9.221678545419635
3399,96,10.358868240935108,0.2329896907216495,10.358868240935108
3400,2,10.950866807388916,0.2597938144329897,10.950866807388916
3400,8,10.153575231852141,0.28865979381443296,10.153575231852141
3401,19,9.642949955917043,0.334020618556701,9.642949955917043
3401,85,10.456965244661879,0.30515463917525776,10.456965244661879
3402,56,9.498630021632316,0.31752577319587627,9.498630021632316
3402,73,10.65425353143289,0.2639175257731959,10.65425353143289
3403,73,10.758288472572916,0.2597938144329897,10.758288472572916
3403,94,9.983342939862776,0.2845360824742268,9.983342939862776
3404,56,9.489629595575693,0.38969072164948454,9.489629595575693
3404,29,11.094659000957904,0.29896907216494845,11.094659000957904
3405,19,10.10406705518042,0.2515463917525773,10.10406705518042
3405,47,8.715706931061476,0.40824742268041236,8.715706931061476
3406,13,7.719139031431544,0.35051546391752575,7.719139031431544
3406,100,10.4227858652285,0.26804123711340205,10.4227858652285
3407,21,9.34335462590817,0.3134020618556701,9.34335462590817
3407,30,9.688155312439182,0.2824742268041237,9.688155312439182
3408,99,10.291814042266033,0.33814432989690724,10.291814042266033
3408,70,10.187374709246741,0.32577319587628867,10.187374709246741
3409,13,10.588240236590178,0.26804123711340205,10.588240236590178
3409,19,9.87277885277059,0.2907216494845361,9.87277885277059
3410,94,10.799495719819191,0.30515463917525776,10.799495719819191
3410,8,10.041709516378855,0.30927835051546393,10.041709516378855
3411,21,10.837185229364511,0.31958762886597936,10.837185229364511
3411,83,9.720663741724549,0.26597938144329897,9.720663741724549
3412,19,10.804054047161166,0.27628865979381445,10.804054047161166
3412,8,10.493842209841166,0.24536082474226803,10.493842209841166
3413,18,10.19767096479203,0.2515463917525773,10.19767096479203
3413,32,10.986400121601646,0.311340206185567,10.986400121601646
3414,44,10.556039170676605,0.30927835051546393,10.556039170676605
3414,13,10.166385812033747,0.2536082474226804,10.166385812033747
3415,48,10.523855914392046,0.27628865979381445,10.523855914392046
3415,73,10.930169327814902,0.24948453608247423,10.930169327814902
3416,6,10.252716360097264,0.27835051546391754,10.252716360097264
3416,84,8.55584986620615,0.32577319587628867,8.55584986620615
3417,49,11.047547870119965,0.23505154639175257,11.047547870119965
3417,56,11.053225670443634,0.2721649484536082,11.053225670443634
3418,51,10.118890630383898,0.2597938144329897,10.118890630383898
3418,8,10.950350011391999,0.27010309278350514,10.950350011391999
3419,42,10.28069446337741,0.20412371134020618,10.28069446337741
3419,93,10.51959529804075,0.3402061855670103,10.51959529804075
3420,83,10.490756946630913,0.27010309278350514,10.490756946630913
3420,52,9.821549952036186,0.32989690721649484,9.821549952036186
3421,61,8.783485515789287,0.3979381443298969,8.783485515789287
3421,96,9.46055306765008,0.30927835051546393,9.46055306765008
3422,80,8.551010999206882,0.3319587628865979,8.551010999206882
3422,11,10.350846081839688,0.29896907216494845,10.350846081839688
3423,51,10.722104983508153,0.2536082474226804,10.722104983508153
3423,42,11.044388217610294,0.31752577319587627,11.044388217610294
3424,47,9.775172993222702,0.30721649484536084,9.775172993222702
3424,90,9.021106958134201,0.5092783505154639,9.021106958134201
3425,81,8.914657548454278,0.31958762886597936,8.914657548454278
3425,62,8.895587897876345,0.30927835051546393,8.895587897876345
3426,36,9.685144915543997,0.26804123711340205,9.685144915543997
3426,23,11.047414781966431,0.30721649484536084,11.047414781966431
3427,30,7.764280972446183,0.38762886597938145,7.764280972446183
3427,41,11.239653689012385,0.26597938144329897,11.239653689012385
3428,30,11.152336069902141,0.21237113402061855,11.152336069902141
3428,52,11.08186612483102,0.28865979381443296,11.08186612483102
3429,90,10.646302796763118,0.29690721649484536,10.646302796763118
3429,43,10.427383920926228,0.3154639175257732,10.427383920926228
3430,62,9.5107255395839,0.3711340206185567,9.5107255395839
3430,9,9.89355348258559,0.3525773195876289,9.89355348258559
3431,66,8.568668455148858,0.3443298969072165,8.568668455148858
3431,15,9.170754577535261,0.3628865979381443,9.170754577535261
3432,81,10.682802670334215,0.31958762886597936,10.682802670334215
3432,39,9.637148329942058,0.2927835051546392,9.637148329942058
3433,34,7.8057855280240664,0.32577319587628867,7.8057855280240664
3433,43,9.961930703978043,0.2927835051546392,9.961930703978043
3434,62,10.908188822210683,0.31752577319587627,10.908188822210683
3434,9,10.501946559332227,0.2536082474226804,10.501946559332227
3435,99,10.61296763744144,0.33814432989690724,10.61296763744144
3435,20,9.971648940113827,0.334020618556701,9.971648940113827
3436,72,10.428031132861603,0.30515463917525776,10.428031132861603
3436,69,9.772366925044627,0.3958762886597938,9.772366925044627
3437,6,11.239630037016937,0.2515463917525773,11.239630037016937
3437,9,10.115655539382054,0.3030927835051546,10.115655539382054
3438,79,9.822524846460343,0.334020618556701,9.822524846460343
3438,85,10.442097827924183,0.3154639175257732,10.442097827924183
3439,36,10.826072578337442,0.2329896907216495,10.826072578337442
3439,97,7.674628439298895,0.2948453608247423,7.674628439298895
3440,100,10.684980796417197,0.2907216494845361,10.684980796417197
3440,48,8.794488455443187,0.32577319587628867,8.794488455443187
3441,59,9.963880058221612,0.21030927835051547,9.963880058221612
3441,43,10.49476194017604,0.3134020618556701,10.49476194017604
3442,66,9.784858186052775,0.30721649484536084,9.784858186052775
3442,99,9.911080968862217,0.2907216494845361,9.911080968862217
3443,97,10.596473085930906,0.29896907216494845,10.596473085930906
3443,21,10.63505629492376,0.2804123711340206,10.63505629492376
3444,47,7.917991983692048,0.35670103092783506,7.917991983692048
3444,46,10.56353077594545,0.3154639175257732,10.56353077594545
3445,50,9.317024187531437,0.25773195876288657,9.317024187531437
3445,19,10.251298073834231,0.26597938144329897,10.251298073834231
3446,28,10.174836752497221,0.28865979381443296,10.174836752497221
3446,37,10.459711912827206,0.30103092783505153,10.459711912827206
3447,80,10.107802929172912,0.29896907216494845,10.107802929172912
3447,26,10.161214696035032,0.3670103092783505,10.161214696035032
3448,15,9.179700696189714,0.3319587628865979,9.179700696189714
3448,21,10.353979067087677,0.3134020618556701,10.353979067087677
3449,61,10.57179364501345,0.30103092783505153,10.57179364501345
3449,20,10.68372594603384,0.26804123711340205,10.68372594603384
3450,69,11.055687543406682,0.21443298969072164,11.055687543406682
3450,37,10.134982815152155,0.27422680412371137,10.134982815152155
3451,26,9.366687051375566,0.38762886597938145,9.366687051375566
3451,21,10.704012708424678,0.2721649484536082,10.704012708424678
3452,15,10.506360949762684,0.3030927835051546,10.506360949762684
3452,59,10.167261202663694,0.30515463917525776,10.167261202663694
3453,20,9.834079419065732,0.32577319587628867,9.834079419065732
3453,7,10.281234439142386,0.2268041237113402,10.281234439142386
3454,20,9.894449982531423,0.3154639175257732,9.894449982531423
3454,25,8.859817048400531,0.3670103092783505,8.859817048400531
3455,26,9.358686638499746,0.30927835051546393,9.358686638499746
3455,79,10.22278715626233,0.35670103092783506,10.22278715626233
3456,33,10.421369560832389,0.26804123711340205,10.421369560832389
3456,8,10.66124033891374,0.20824742268041238,10.66124033891374
3457,34,7.241940258604919,0.3463917525773196,7.241940258604919
3457,47,11.202522307029326,0.30721649484536084,11.202522307029326
3458,80,10.154417003039246,0.31958762886597936,10.154417003039246
3458,9,10.167667089517034,0.2597938144329897,10.167667089517034
3459,76,9.417455842135146,0.30515463917525776,9.417455842135146
3459,44,10.876443667029685,0.2268041237113402,10.876443667029685
3460,66,11.396030203242168,0.26597938144329897,11.396030203242168
3460,70,8.944552504119304,0.2556701030927835,8.944552504119304
3461,88,10.557462939100619,0.26804123711340205,10.557462939100619
3461,94,9.559147817789368,0.3134020618556701,9.559147817789368
3462,84,8.58666936495981,0.3134020618556701,8.58666936495981
3462,46,11.17858371427539,0.27422680412371137,11.17858371427539
3463,34,10.50038594559056,0.2639175257731959,10.50038594559056
3463,93,9.815804656585442,0.30515463917525776,9.815804656585442
3464,94,10.24210950114459,0.3030927835051546,10.24210950114459
3464,37,10.710305942747718,0.3134020618556701,10.710305942747718
3465,48,10.855234405946094,0.26804123711340205,10.855234405946094
3465,90,10.863661396262332,0.33814432989690724,10.863661396262332
3466,43,10.204397957071047,0.3216494845360825,10.204397957071047
3466,1,7.718554373850009,0.37731958762886597,7.718554373850009
3467,76,10.147701854108254,0.31958762886597936,10.147701854108254
3467,79,10.750507580784772,0.24742268041237114,10.750507580784772
3468,99,10.922377392331475,0.2639175257731959,10.922377392331475
3468,48,8.58475418553674,0.38762886597938145,8.58475418553674
3469,7,10.15021669843585,0.2268041237113402,10.15021669843585
3469,82,9.843764792722656,0.33608247422680415,9.843764792722656
3470,25,10.374785639573219,0.334020618556701,10.374785639573219
3470,40,9.994642236185417,0.3525773195876289,9.994642236185417
3471,19,10.332919068432707,0.3670103092783505,10.332919068432707
3471,72,10.66420788575375,0.3422680412371134,10.66420788575375
3472,82,10.689443031429406,0.24329896907216494,10.689443031429406
3472,33,8.672990515468033,0.2948453608247423,8.672990515468033
3473,25,9.872301501382607,0.2845360824742268,9.872301501382607
3473,68,10.072321940356405,0.2329896907216495,10.072321940356405
3474,40,10.62303535399666,0.24742268041237114,10.62303535399666
3474,94,11.017491445298027,0.2721649484536082,11.017491445298027
3475,26,10.26391263115317,0.24536082474226803,10.26391263115317
3475,21,9.315854676645923,0.2639175257731959,9.315854676645923
3476,7,10.720134485695313,0.2927835051546392,10.720134485695313
3476,8,10.52586423329314,0.27835051546391754,10.52586423329314
3477,84,10.171257915607018,0.3422680412371134,10.171257915607018
3477,76,10.28573014828772,0.32577319587628867,10.28573014828772
3478,18,10.210668545135306,0.3237113402061856,10.210668545135306
3478,44,10.471822455969052,0.2948453608247423,10.471822455969052
3479,8,10.599364354293112,0.2618556701030928,10.599364354293112
3479,78,10.572236724663304,0.2556701030927835,10.572236724663304
3480,28,10.629359078704944,0.2927835051546392,10.629359078704944
3480,43,10.966442470745124,0.24536082474226803,10.966442470745124
3481,84,11.29864576476543,0.26804123711340205,11.29864576476543
3481,19,9.768156665514551,0.3154639175257732,9.768156665514551
3482,80,10.670107483297262,0.29896907216494845,10.670107483297262
3482,22,10.51026204989437,0.2804123711340206,10.51026204989437
3483,44,10.718485794171032,0.27422680412371137,10.718485794171032
3483,28,10.530907956295627,0.21443298969072164,10.530907956295627
3484,96,10.390166331093456,0.2288659793814433,10.390166331093456
3484,34,8.938721236791626,0.3463917525773196,8.938721236791626
3485,26,10.875696349690298,0.28865979381443296,10.875696349690298
3485,85,9.79008150616809,0.32783505154639175,9.79008150616809
3486,13,10.577779701996947,0.27835051546391754,10.577779701996947
3486,17,10.735745673870314,0.2721649484536082,10.735745673870314
3487,72,8.751252395349711,0.3134020618556701,8.751252395349711
3487,79,10.338979894286023,0.22474226804123712,10.338979894286023
3488,33,10.28239012221759,0.2907216494845361,10.28239012221759
3488,89,8.457995052224664,0.3237113402061856,8.457995052224664
3489,70,10.452183167790416,0.29896907216494845,10.452183167790416
3489,50,8.99233812897501,0.3443298969072165,8.99233812897501
3490,85,10.674131548038032,0.2948453608247423,10.674131548038032
3490,35,11.203217908197123,0.3030927835051546,11.203217908197123
3491,100,9.699904165894376,0.30927835051546393,9.699904165894376
3491,57,8.166089437199803,0.27422680412371137,8.166089437199803
3492,65,10.46421015618161,0.2536082474226804,10.46421015618161
3492,36,10.050361777758242,0.3154639175257732,10.050361777758242
3493,68,10.339109023385848,0.30927835051546393,10.339109023385848
3493,75,9.924853635244084,0.29896907216494845,9.924853635244084
3494,20,10.548785919872188,0.2721649484536082,10.548785919872188
3494,96,11.052150467756972,0.2804123711340206,11.052150467756972
3495,89,9.104484432302522,0.38762886597938145,9.104484432302522
3495,28,10.061714967556878,0.334020618556701,10.061714967556878
3496,12,9.726591416481234,0.334020618556701,9.726591416481234
3496,51,8.839597705141644,0.3402061855670103,8.839597705141644
3497,34,10.821844744088894,0.27010309278350514,10.821844744088894
3497,36,10.292264366210023,0.3443298969072165,10.292264366210023
3498,12,10.008776475945698,0.31958762886597936,10.008776475945698
3498,97,10.49667100153444,0.32989690721649484,10.49667100153444
3499,93,9.456877786237577,0.30927835051546393,9.456877786237577
3499,83,10.974470164807736,0.2597938144329897,10.974470164807736
3500,100,10.79000316124767,0.23917525773195877,10.79000316124767
3500,75,10.339299830072767,0.3154639175257732,10.339299830072767
3501,50,10.378844574252055,0.30515463917525776,10.378844574252055
3501,11,10.885991779885362,0.3030927835051546,10.885991779885362
3502,28,8.899399326942936,0.3422680412371134,8.899399326942936
3502,18,10.250889258918907,0.30721649484536084,10.250889258918907
3503,36,8.551379691198958,0.38969072164948454,8.551379691198958
3503,34,9.70916922109853,0.3319587628865979,9.70916922109853
3504,57,9.605807656891814,0.2639175257731959,9.605807656891814
3504,44,10.710745441977854,0.23711340206185566,10.710745441977854
3505,1,9.48413712778841,0.3463917525773196,9.48413712778841
3505,62,10.559892939895972,0.2309278350515464,10.559892939895972
3506,48,10.560630499685242,0.25773195876288657,10.560630499685242
3506,79,9.794240865006545,0.311340206185567,9.794240865006545
3507,8,10.057055973511547,0.30103092783505153,10.057055973511547
3507,83,9.818036893471584,0.311340206185567,9.818036893471584
3508,59,10.912505144583927,0.2865979381443299,10.912505144583927
3508,70,10.706795844799114,0.2824742268041237,10.706795844799114
3509,79,11.310789197322993,0.24329896907216494,11.310789197322993
3509,64,10.611988544340383,0.2618556701030928,10.611988544340383
3510,83,9.475731369928667,0.2804123711340206,9.475731369928667
3510,18,10.4416413464694,0.25773195876288657,10.4416413464694
3511,68,6.92673746143993,0.41237113402061853,6.92673746143993
3511,75,10.679245979615523,0.3319587628865979,10.679245979615523
3512,39,11.639934940029692,0.24123711340206186,11.639934940029692
3512,81,8.635569997328066,0.3134020618556701,8.635569997328066
3513,83,9.008335504238515,0.29896907216494845,9.008335504238515
3513,37,9.668722111594818,0.31958762886597936,9.668722111594818
3514,88,9.433154550502527,0.2804123711340206,9.433154550502527
3514,100,10.547891069075487,0.2,10.547891069075487
3515,1,11.21029063706013,0.2329896907216495,11.21029063706013
3515,44,10.362149671073574,0.2515463917525773,10.362149671073574
3516,83,10.48569900051164,0.2927835051546392,10.48569900051164
3516,22,10.06321411651873,0.2824742268041237,10.06321411651873
3517,57,8.394050805154539,0.30515463917525776,8.394050805154539
3517,65,10.899882057627112,0.2721649484536082,10.899882057627112
3518,9,11.121136559185281,0.27010309278350514,11.121136559185281
3518,11,8.91239132897442,0.42061855670103093,8.91239132897442
3519,89,10.36738597889585,0.3030927835051546,10.36738597889585
3519,25,10.204263895319515,0.28865979381443296,10.204263895319515
3520,24,10.259750402928846,0.30515463917525776,10.259750402928846
3520,7,10.463197033891534,0.36082474226804123,10.463197033891534
3521,88,10.077736237024094,0.35670103092783506,10.077736237024094
3521,13,10.84916195534216,0.2804123711340206,10.84916195534216
3522,36,11.120696397794095,0.21855670103092784,11.120696397794095
3522,44,10.475613723654153,0.30721649484536084,10.475613723654153
3523,88,10.2414751970921,0.27835051546391754,10.2414751970921
3523,50,8.653081699982781,0.3649484536082474,8.653081699982781
3524,51,10.212331460915514,0.3402061855670103,10.212331460915514
3524,99,10.907103536879493,0.2865979381443299,10.907103536879493
3525,72,11.055129343457281,0.334020618556701,11.055129343457281
3525,15,10.643656511974196,0.29690721649484536,10.643656511974196
3526,99,10.218243430160483,0.3030927835051546,10.218243430160483
3526,16,10.336851335609378,0.3216494845360825,10.336851335609378
3527,25,10.703445948792426,0.30103092783505153,10.703445948792426
3527,40,11.180452350086622,0.28865979381443296,11.180452350086622
3528,8,10.898570068439938,0.30721649484536084,10.898570068439938
3528,54,10.349694829052213,0.30927835051546393,10.349694829052213
3529,100,9.998833114493227,0.27835051546391754,9.998833114493227
3529,82,8.006941640740004,0.33814432989690724,8.006941640740004
3530,51,10.295901818932771,0.30103092783505153,10.295901818932771
3530,44,10.788312455023927,0.30927835051546393,10.788312455023927
3531,12,10.780857044045435,0.23505154639175257,10.780857044045435
3531,97,10.75994427847747,0.23917525773195877,10.75994427847747
3532,28,10.470288218229342,0.2329896907216495,10.470288218229342
3532,34,10.430249144218573,0.29896907216494845,10.430249144218573
3533,58,11.279511333734185,0.2865979381443299,11.279511333734185
3533,4,10.70547501405769,0.28865979381443296,10.70547501405769
3534,11,10.743856320279033,0.30103092783505153,10.743856320279033
3534,88,9.538574123756636,0.29896907216494845,9.538574123756636
3535,25,10.554826762400552,0.27010309278350514,10.554826762400552
3535,44,10.802074653063116,0.27835051546391754,10.802074653063116
3536,20,10.984333387054232,0.23505154639175257,10.984333387054232
3536,12,11.237690820994446,0.23917525773195877,11.237690820994446
3537,93,10.632385854756887,0.2907216494845361,10.632385854756887
3537,48,10.286488386722167,0.21649484536082475,10.286488386722167
3538,50,9.444654829456535,0.27422680412371137,9.444654829456535
3538,83,9.870051769202252,0.30927835051546393,9.870051769202252
3539,24,10.670314299500667,0.29896907216494845,10.670314299500667
3539,80,10.255349132330293,0.2824742268041237,10.255349132330293
3540,83,10.139632526330614,0.29896907216494845,10.139632526330614
3540,63,10.92273433829038,0.26597938144329897,10.92273433829038
3541,21,9.128592294252586,0.29690721649484536,9.128592294252586
3541,8,9.988494798419477,0.30927835051546393,9.988494798419477
3542,68,10.789706854214916,0.2268041237113402,10.789706854214916
3542,22,10.7066135336096,0.2804123711340206,10.7066135336096
3543,93,8.30573178190946,0.3030927835051546,8.30573178190946
3543,65,8.726897176252443,0.3649484536082474,8.726897176252443
3544,48,10.169720850401355,0.28865979381443296,10.169720850401355
3544,85,10.262430904050248,0.30927835051546393,10.262430904050248
3545,50,10.063964228385975,0.2927835051546392,10.063964228385975
3545,11,10.716046744065391,0.2618556701030928,10.716046744065391
3546,62,10.139318016691758,0.2845360824742268,10.139318016691758
3546,75,9.568793650004833,0.2907216494845361,9.568793650004833
3547,82,10.604722854207148,0.30515463917525776,10.604722854207148
3547,65,9.077521459580998,0.334020618556701,9.077521459580998
3548,13,10.62372765155913,0.2309278350515464,10.62372765155913
3548,2,11.505378843008717,0.2927835051546392,11.505378843008717
3549,99,10.886332287053904,0.24123711340206186,10.886332287053904
3549,16,11.005085674364407,0.2865979381443299,11.005085674364407
3550,80,9.268261422383627,0.2597938144329897,9.268261422383627
3550,27,10.542072048929866,0.27422680412371137,10.542072048929866
3551,93,7.441061009427786,0.354639175257732,7.441061009427786
3551,48,10.313321242855475,0.32989690721649484,10.313321242855475
3552,67,10.24167572311595,0.27628865979381445,10.24167572311595
3552,4,9.266136833334928,0.31752577319587627,9.266136833334928
3553,57,10.551237509214076,0.3154639175257732,10.551237509214076
3553,67,10.068472830664206,0.22061855670103092,10.068472830664206
3554,48,10.609913906779353,0.334020618556701,10.609913906779353
3554,7,9.87846310701425,0.32577319587628867,9.87846310701425
3555,80,10.555610981161905,0.2845360824742268,10.555610981161905
3555,25,10.967662209637606,0.2618556701030928,10.967662209637606
3556,100,11.13381323151507,0.21030927835051547,11.13381323151507
3556,82,10.50959103159688,0.2639175257731959,10.50959103159688
3557,85,10.746336910609598,0.3134020618556701,10.746336910609598
3557,24,10.543997200878414,0.26804123711340205,10.543997200878414
3558,33,10.857139345353394,0.26597938144329897,10.857139345353394
3558,85,10.946198507171363,0.29896907216494845,10.946198507171363
3559,37,10.140670188459064,0.24123711340206186,10.140670188459064
3559,24,10.33099250694872,0.26597938144329897,10.33099250694872
3560,81,10.378246796771904,0.3463917525773196,10.378246796771904
3560,43,10.100566930645167,0.2845360824742268,10.100566930645167
3561,67,10.50232705965498,0.28865979381443296,10.50232705965498
3561,51,10.582070365238184,0.2597938144329897,10.582070365238184
3562,57,9.337500349548714,0.3030927835051546,9.337500349548714
3562,70,11.293993817922175,0.24329896907216494,11.293993817922175
3563,8,10.129393051969428,0.2948453608247423,10.129393051969428
3563,37,10.27927642205553,0.3402061855670103,10.27927642205553
3564,8,10.26036017963777,0.28865979381443296,10.26036017963777
3564,89,9.486943057247215,0.3649484536082474,9.486943057247215
3565,8,10.988344838820353,0.30515463917525776,10.988344838820353
3565,51,10.184872456384191,0.334020618556701,10.184872456384191
3566,97,10.495044228240475,0.24123711340206186,10.495044228240475
3566,8,10.482307399288452,0.32783505154639175,10.482307399288452
3567,67,10.400091982924362,0.33814432989690724,10.400091982924362
3567,78,9.360030290230837,0.30721649484536084,9.360030290230837
3568,34,9.768110732783086,0.31752577319587627,9.768110732783086
3568,90,9.443369849509306,0.30515463917525776,9.443369849509306
3569,83,10.812606869973504,0.2948453608247423,10.812606869973504
3569,61,8.274975939847995,0.3319587628865979,8.274975939847995
3570,68,10.40452595104483,0.26804123711340205,10.40452595104483
3570,83,9.980844345387455,0.28865979381443296,9.980844345387455
3571,4,10.814208930007393,0.2597938144329897,10.814208930007393
3571,51,10.88098163322039,0.2804123711340206,10.88098163322039
3572,62,10.37525629511807,0.24948453608247423,10.37525629511807
3572,24,10.483351346952334,0.29690721649484536,10.483351346952334
3573,93,9.822876339486598,0.34845360824742266,9.822876339486598
3573,19,11.302961813944108,0.2618556701030928,11.302961813944108
3574,27,10.450327501319375,0.3134020618556701,10.450327501319375
3574,3,9.584313109299119,0.32783505154639175,9.584313109299119
3575,50,10.617701136307065,0.3030927835051546,10.617701136307065
3575,97,9.082482629784637,0.27628865979381445,9.082482629784637
3576,90,8.579765938094926,0.3030927835051546,8.579765938094926
3576,68,11.204613404350347,0.23917525773195877,11.204613404350347
3577,75,9.353196455315189,0.2515463917525773,9.353196455315189
3577,43,9.069706704802282,0.3319587628865979,9.069706704802282
3578,76,8.623961591778333,0.31958762886597936,8.623961591778333
3578,48,10.359347249613217,0.3216494845360825,10.359347249613217
3579,34,10.112336974171932,0.28865979381443296,10.112336974171932
3579,18,9.406545221326141,0.26804123711340205,9.406545221326141
3580,78,7.3003258072622055,0.4144329896907217,7.3003258072622055
3580,59,9.819357210518172,0.2907216494845361,9.819357210518172
3581,90,10.465718746062153,0.2907216494845361,10.465718746062153
3581,18,10.854494845687768,0.24948453608247423,10.854494845687768
3582,34,9.914976107491098,0.311340206185567,9.914976107491098
3582,86,10.221476434784941,0.2721649484536082,10.221476434784941
3583,8,9.890921468116403,0.34845360824742266,9.890921468116403
3583,26,9.601392118280094,0.2907216494845361,9.601392118280094
3584,65,9.931148666934915,0.2597938144329897,9.931148666934915
3584,13,9.52437221390753,0.21030927835051547,9.52437221390753
3585,53,10.797128095831233,0.2804123711340206,10.797128095831233
3585,98,10.778926025422457,0.24123711340206186,10.778926025422457
3586,16,10.39883897246584,0.26804123711340205,10.39883897246584
3586,23,9.759073120091141,0.3216494845360825,9.759073120091141
3587,3,11.265194066459808,0.21855670103092784,11.265194066459808
3587,42,11.405733733465036,0.27422680412371137,11.405733733465036
3588,57,10.890088466178907,0.24536082474226803,10.890088466178907
3588,89,11.158558406959072,0.26804123711340205,11.158558406959072
3589,78,10.729811304075604,0.2309278350515464,10.729811304075604
3589,16,9.451010441241257,0.2597938144329897,9.451010441241257
3590,86,10.764353174650216,0.27422680412371137,10.764353174650216
3590,50,8.476797789779265,0.3402061855670103,8.476797789779265
3591,76,11.000244819239196,0.27835051546391754,11.000244819239196
3591,26,9.726978569803286,0.29690721649484536,9.726978569803286
3592,50,10.594218508457287,0.2927835051546392,10.594218508457287
3592,13,9.119067362032855,0.35051546391752575,9.119067362032855
3593,75,9.811693215953245,0.29690721649484536,9.811693215953245
3593,73,11.414372693962218,0.20824742268041238,11.414372693962218
3594,34,9.945313058637577,0.2268041237113402,9.945313058637577
3594,54,10.868527229246972,0.2309278350515464,10.868527229246972
3595,98,10.666709250699542,0.24123711340206186,10.666709250699542
3595,51,10.741685377879069,0.2845360824742268,10.741685377879069
3596,21,10.19145143123848,0.30721649484536084,10.19145143123848
3596,82,10.339874491318904,0.3134020618556701,10.339874491318904
3597,80,10.235918918181719,0.2824742268041237,10.235918918181719
3597,91,10.269165785420853,0.27628865979381445,10.269165785420853
3598,16,9.897011186112623,0.2804123711340206,9.897011186112623
3598,21,10.399410066136507,0.27422680412371137,10.399410066136507
3599,23,10.36446479157674,0.311340206185567,10.36446479157674
3599,8,11.782305348934925,0.24536082474226803,11.782305348934925
3600,15,6.043684518082421,0.3649484536082474,6.043684518082421
3600,86,9.088803684347864,0.354639175257732,9.088803684347864
3601,61,9.588063464979557,0.3216494845360825,9.588063464979557
3601,22,9.44744284506754,0.30927835051546393,9.44744284506754
3602,91,10.02246033910291,0.3319587628865979,10.02246033910291
3602,53,10.057167973868404,0.2536082474226804,10.057167973868404
3603,24,9.085329252065435,0.29896907216494845,9.085329252065435
3603,44,10.749489197496171,0.24536082474226803,10.749489197496171
3604,27,10.154120836467634,0.30721649484536084,10.154120836467634
3604,51,11.064768742175648,0.2288659793814433,11.064768742175648
3605,13,10.37485045393508,0.30515463917525776,10.37485045393508
3605,53,10.80708247541424,0.2556701030927835,10.80708247541424
3606,15,11.103374894119174,0.2597938144329897,11.103374894119174
3606,75,11.007781316710197,0.27422680412371137,11.007781316710197
3607,61,10.438472110091547,0.30721649484536084,10.438472110091547
3607,21,10.622899440947366,0.2907216494845361,10.622899440947366
3608,80,11.296664528470918,0.24329896907216494,11.296664528470918
3608,72,10.59053913434733,0.30515463917525776,10.59053913434733
3609,26,7.867586740428207,0.33608247422680415,7.867586740428207
3609,34,9.997088167169371,0.2268041237113402,9.997088167169371
3610,91,10.195359268074645,0.23917525773195877,10.195359268074645
3610,74,8.785405533290366,0.2907216494845361,8.785405533290366
3611,62,8.62299444112272,0.35876288659793815,8.62299444112272
3611,11,10.838602661209089,0.23917525773195877,10.838602661209089
3612,28,11.274399705716691,0.24742268041237114,11.274399705716691
3612,21,11.109234103269415,0.19175257731958764,11.109234103269415
3613,16,9.991874228737098,0.33608247422680415,9.991874228737098
3613,11,9.230179518172918,0.32989690721649484,9.230179518172918
3614,26,10.526115393511224,0.29896907216494845,10.526115393511224
3614,82,9.523342898913064,0.3319587628865979,9.523342898913064
3615,65,9.210906701471279,0.27010309278350514,9.210906701471279
3615,61,11.116482506471925,0.24948453608247423,11.116482506471925
3616,37,9.776387574313425,0.2865979381443299,9.776387574313425
3616,50,10.52491564320785,0.27010309278350514,10.52491564320785
3617,86,9.272109486660373,0.3402061855670103,9.272109486660373
3617,18,10.715328471621367,0.3216494845360825,10.715328471621367
3618,54,11.37252861675975,0.2556701030927835,11.37252861675975
3618,32,10.830893194742272,0.25773195876288657,10.830893194742272
3619,88,10.791021169774327,0.2907216494845361,10.791021169774327
3619,52,11.026585890939302,0.2824742268041237,11.026585890939302
3620,50,9.799934617857758,0.311340206185567,9.799934617857758
3620,4,10.210796048277667,0.2556701030927835,10.210796048277667
3621,26,9.962638966011403,0.2845360824742268,9.962638966011403
3621,55,11.353480470425561,0.23711340206185566,11.353480470425561
3622,93,9.683866207759964,0.3525773195876289,9.683866207759964
3622,26,10.615901334409033,0.2618556701030928,10.615901334409033
3623,67,10.176992624843754,0.2515463917525773,10.176992624843754
3623,53,10.317831794774474,0.3030927835051546,10.317831794774474
3624,74,9.375440647038232,0.27628865979381445,9.375440647038232
3624,97,10.58246094103057,0.3030927835051546,10.58246094103057
3625,14,9.412620935056472,0.29690721649484536,9.412620935056472
3625,66,10.814728142973829,0.22061855670103092,10.814728142973829
3626,93,10.379637146051516,0.28865979381443296,10.379637146051516
3626,83,11.26467827098765,0.20412371134020618,11.26467827098765
3627,24,10.059135184278299,0.2309278350515464,10.059135184278299
3627,23,11.132113025521951,0.22268041237113403,11.132113025521951
3628,65,10.18198139992607,0.2309278350515464,10.18198139992607
3628,77,10.542341353139953,0.27010309278350514,10.542341353139953
3629,62,9.648773028373094,0.3154639175257732,9.648773028373094
3629,34,11.025264111525148,0.25773195876288657,11.025264111525148
3630,43,10.207900279436185,0.26804123711340205,10.207900279436185
3630,98,10.003935170502855,0.33814432989690724,10.003935170502855
3631,53,9.472278641838697,0.30721649484536084,9.472278641838697
3631,71,10.822076984767794,0.26597938144329897,10.822076984767794
3632,77,11.450683146380669,0.311340206185567,11.450683146380669
3632,97,10.394330642311731,0.2268041237113402,10.394330642311731
3633,7,10.583578833544736,0.3216494845360825,10.583578833544736
3633,48,10.165983070308242,0.31752577319587627,10.165983070308242
3634,65,11.322712971602922,0.2804123711340206,11.322712971602922
3634,18,11.207486395002613,0.28865979381443296,11.207486395002613
3635,7,9.40071298483041,0.3154639175257732,9.40071298483041
3635,45,11.451812039904883,0.22474226804123712,11.451812039904883
3636,71,11.184076171151643,0.3030927835051546,11.184076171151643
3636,51,10.119992003578128,0.2804123711340206,10.119992003578128
3637,24,11.247452964648229,0.24948453608247423,11.247452964648229
3637,27,11.067311944848504,0.2329896907216495,11.067311944848504
3638,49,7.8787351953364135,0.3134020618556701,7.8787351953364135
3638,89,10.334797386603205,0.29896907216494845,10.334797386603205
3639,25,10.786808173094101,0.28865979381443296,10.786808173094101
3639,96,10.767131582750748,0.2309278350515464,10.767131582750748
3640,7,8.47664301925906,0.2927835051546392,8.47664301925906
3640,62,11.705973063617305,0.22474226804123712,11.705973063617305
3641,32,10.66799122558538,0.2907216494845361,10.66799122558538
3641,76,10.116912150441351,0.2907216494845361,10.116912150441351
3642,20,9.871593232805788,0.27835051546391754,9.871593232805788
3642,29,10.37122099795232,0.32577319587628867,10.37122099795232
3643,49,10.901411974332257,0.27422680412371137,10.901411974332257
3643,11,10.187686978505246,0.2907216494845361,10.187686978505246
3644,16,11.124978548465561,0.2721649484536082,11.124978548465561
3644,98,10.131273522832263,0.2824742268041237,10.131273522832263
3645,86,10.678015231672903,0.26804123711340205,10.678015231672903
3645,53,10.653442467344686,0.26597938144329897,10.653442467344686
3646,50,10.732500477859356,0.2721649484536082,10.732500477859356
3646,26,10.617499615604215,0.2618556701030928,10.617499615604215
3647,76,10.553836684371756,0.2309278350515464,10.553836684371756
3647,49,10.745511267154203,0.22268041237113403,10.745511267154203
3648,82,10.831364443263588,0.24536082474226803,10.831364443263588
3648,76,10.286966850148607,0.2948453608247423,10.286966850148607
3649,26,10.44050110002632,0.30103092783505153,10.44050110002632
3649,85,10.497842239888325,0.27628865979381445,10.497842239888325
3650,86,11.964857897547605,0.25773195876288657,11.964857897547605
3650,82,9.244424140597735,0.32989690721649484,9.244424140597735
3651,85,10.6922215064639,0.2824742268041237,10.6922215064639
3651,72,10.136806182986591,0.30515463917525776,10.136806182986591
3652,4,10.574784363975002,0.311340206185567,10.574784363975002
3652,89,11.139780798985324,0.2927835051546392,11.139780798985324
3653,67,9.512444765441082,0.30103092783505153,9.512444765441082
3653,76,10.500207423236944,0.24742268041237114,10.500207423236944
3654,27,10.819484280899017,0.27422680412371137,10.819484280899017
3654,23,10.854957903725712,0.24948453608247423,10.854957903725712
3655,59,11.468286344466009,0.2,11.468286344466009
3655,11,9.299681719809907,0.2865979381443299,9.299681719809907
3656,67,11.839452092360878,0.2556701030927835,11.839452092360878
3656,64,11.647206033348708,0.24742268041237114,11.647206033348708
3657,22,10.343771103993827,0.24948453608247423,10.343771103993827
3657,63,11.096914182166792,0.24536082474226803,11.096914182166792
3658,98,11.370476447800272,0.24742268041237114,11.370476447800272
3658,25,11.184530031700875,0.2268041237113402,11.184530031700875
3659,37,11.229024965722685,0.24948453608247423,11.229024965722685
3659,29,9.383884620246125,0.28865979381443296,9.383884620246125
3660,43,10.727105299735069,0.2721649484536082,10.727105299735069
3660,93,11.315035906361679,0.23505154639175257,11.315035906361679
3661,75,10.937401920451318,0.26597938144329897,10.937401920451318
3661,21,11.578667748123923,0.27835051546391754,11.578667748123923
3662,61,11.023780145905054,0.2329896907216495,11.023780145905054
3662,25,11.315062524852557,0.2556701030927835,11.315062524852557
3663,81,9.864375266465103,0.3154639175257732,9.864375266465103
3663,27,10.79417638919519,0.20824742268041238,10.79417638919519
3664,57,10.871186238556874,0.24742268041237114,10.871186238556874
3664,47,10.565312727503102,0.2639175257731959,10.565312727503102
3665,89,9.827196686416121,0.2845360824742268,9.827196686416121
3665,41,9.751394541878161,0.27010309278350514,9.751394541878161
3666,4,10.842471887566202,0.21855670103092784,10.842471887566202
3666,94,10.929825079611764,0.23917525773195877,10.929825079611764
3667,81,5.418150516363247,0.37731958762886597,5.418150516363247
3667,47,8.429783222573336,0.2597938144329897,8.429783222573336
3668,89,10.578953181775512,0.24536082474226803,10.578953181775512
3668,85,9.154260767316817,0.2804123711340206,9.154260767316817
3669,43,10.923046546787639,0.29896907216494845,10.923046546787639
3669,44,10.37523777889554,0.23917525773195877,10.37523777889554
3670,7,11.38653292608902,0.2515463917525773,11.38653292608902
3670,41,11.069040767646976,0.2618556701030928,11.069040767646976
3671,90,11.281389389847977,0.2329896907216495,11.281389389847977
3671,37,10.838173343370501,0.24948453608247423,10.838173343370501
3672,52,11.581368721427854,0.24742268041237114,11.581368721427854
3672,56,9.541897449053513,0.30103092783505153,9.541897449053513
3673,56,9.396137051760737,0.27010309278350514,9.396137051760737
3673,13,11.043131594906237,0.24329896907216494,11.043131594906237
3674,76,10.862761218060264,0.2927835051546392,10.862761218060264
3674,41,10.6202371829727,0.3134020618556701,10.6202371829727
3675,11,11.440617744365609,0.24742268041237114,11.440617744365609
3675,72,10.746204798566282,0.2721649484536082,10.746204798566282
3676,48,9.751831403771853,0.3216494845360825,9.751831403771853
3676,15,11.26701083663072,0.25773195876288657,11.26701083663072
3677,82,10.558250289750807,0.29690721649484536,10.558250289750807
3677,91,10.687747321104725,0.23917525773195877,10.687747321104725
3678,14,10.79873860846003,0.21443298969072164,10.79873860846003
3678,63,10.453879684131127,0.2329896907216495,10.453879684131127
3679,14,10.810535230065183,0.29896907216494845,10.810535230065183
3679,100,10.795478497403373,0.21443298969072164,10.795478497403373
3680,47,10.364708124244157,0.26804123711340205,10.364708124244157
3680,49,11.79554986314906,0.20824742268041238,11.79554986314906
3681,34,11.130886682961195,0.2536082474226804,11.130886682961195
3681,13,10.372265860506435,0.27835051546391754,10.372265860506435
3682,20,9.256651833929144,0.22061855670103092,9.256651833929144
3682,82,11.017179995194958,0.24329896907216494,11.017179995194958
3683,44,10.164393865671489,0.2309278350515464,10.164393865671489
3683,26,11.515418872017868,0.20824742268041238,11.515418872017868
3684,44,11.748222162425389,0.22061855670103092,11.748222162425389
3684,89,10.875653707757825,0.20824742268041238,10.875653707757825
3685,17,11.350916198160649,0.2948453608247423,11.350916198160649
3685,98,11.106596627587416,0.2268041237113402,11.106596627587416
3686,47,9.973580741925787,0.31752577319587627,9.973580741925787
3686,100,11.676452116175312,0.24123711340206186,11.676452116175312
3687,22,8.210867574306656,0.3154639175257732,8.210867574306656
3687,37,10.013327199631442,0.24742268041237114,10.013327199631442
3688,37,11.229638721276823,0.24123711340206186,11.229638721276823
3688,99,11.060037499248358,0.24948453608247423,11.060037499248358
3689,57,10.550853539054197,0.24948453608247423,10.550853539054197
3689,82,10.076664426840725,0.25773195876288657,10.076664426840725
3690,47,11.55942706824058,0.2721649484536082,11.55942706824058
3690,51,11.162098176077366,0.3216494845360825,11.162098176077366
3691,82,10.426429900415704,0.21855670103092784,10.426429900415704
3691,27,10.271337195229172,0.30721649484536084,10.271337195229172
3692,56,9.683769036182602,0.2329896907216495,9.683769036182602
3692,82,11.260312533929707,0.2329896907216495,11.260312533929707
3693,91,11.213248726534358,0.25773195876288657,11.213248726534358
3693,40,10.918555538234175,0.32989690721649484,10.918555538234175
3694,81,8.376648372144562,0.27835051546391754,8.376648372144562
3694,41,7.8350083823493915,0.30927835051546393,7.8350083823493915
3695,88,10.086893150807187,0.20824742268041238,10.086893150807187
3695,9,10.65862396121503,0.24123711340206186,10.65862396121503
3696,98,10.918789245587828,0.2824742268041237,10.918789245587828
3696,36,9.67549765905303,0.32577319587628867,9.67549765905303
3697,16,10.678349843099321,0.2515463917525773,10.678349843099321
3697,28,11.411765147755006,0.27628865979381445,11.411765147755006
3698,9,11.416240357968583,0.2639175257731959,11.416240357968583
3698,94,11.024254332404853,0.2721649484536082,11.024254332404853
3699,76,10.948605766324853,0.21649484536082475,10.948605766324853
3699,60,11.1385593480824,0.23505154639175257,11.1385593480824
3700,4,11.063199729507817,0.27422680412371137,11.063199729507817
3700,69,10.539309780514245,0.22061855670103092,10.539309780514245
3701,27,9.147291304235438,0.3463917525773196,9.147291304235438
3701,32,10.478406835084876,0.31752577319587627,10.478406835084876
3702,78,10.887945504662099,0.2536082474226804,10.887945504662099
3702,50,11.409430952270302,0.2309278350515464,11.409430952270302
3703,36,11.770207411853947,0.27010309278350514,11.770207411853947
3703,94,9.026978307303432,0.3938144329896907,9.026978307303432
3704,74,11.109856925562017,0.2329896907216495,11.109856925562017
3704,63,10.314522494446637,0.24536082474226803,10.314522494446637
3705,22,11.177555632627708,0.27628865979381445,11.177555632627708
3705,20,11.384567241197436,0.27010309278350514,11.384567241197436
3706,97,11.721640042906287,0.21855670103092784,11.721640042906287
3706,99,8.543735368141167,0.2804123711340206,8.543735368141167
3707,41,8.07713815332199,0.36082474226804123,8.07713815332199
3707,43,9.910980251119781,0.27835051546391754,9.910980251119781
3708,16,10.845115866174849,0.2845360824742268,10.845115866174849
3708,75,11.094140902239012,0.24948453608247423,11.094140902239012
3709,81,10.786421799920037,0.22061855670103092,10.786421799920037
3709,89,11.16254851796959,0.22061855670103092,11.16254851796959
3710,16,11.594660671872465,0.31752577319587627,11.594660671872465
3710,61,11.487948616134618,0.2948453608247423,11.487948616134618
3711,94,11.051788444178566,0.31958762886597936,11.051788444178566
3711,34,10.247540584569096,0.25773195876288657,10.247540584569096
3712,34,8.919143843121287,0.30103092783505153,8.919143843121287
3712,69,9.454296559359017,0.3443298969072165,9.454296559359017
3713,69,11.518579058297043,0.29896907216494845,11.518579058297043
3713,31,11.427419433497144,0.29896907216494845,11.427419433497144
3714,4,10.140288862646392,0.2804123711340206,10.140288862646392
3714,12,11.216300105255547,0.22474226804123712,11.216300105255547
3715,94,10.87951342748611,0.21855670103092784,10.87951342748611
3715,55,11.407886197428876,0.22061855670103092,11.407886197428876
3716,56,10.814855274184255,0.2804123711340206,10.814855274184255
3716,89,10.687263363999337,0.27010309278350514,10.687263363999337
3717,4,11.184976056596021,0.2907216494845361,11.184976056596021
3717,71,10.530409825128658,0.30103092783505153,10.530409825128658
3718,96,11.045731348535854,0.2804123711340206,11.045731348535854
3718,60,9.359357870571294,0.27010309278350514,9.359357870571294
3719,84,10.73584295058899,0.311340206185567,10.73584295058899
3719,73,10.797730371540215,0.24329896907216494,10.797730371540215
3720,63,10.89029460534325,0.24536082474226803,10.89029460534325
3720,14,10.909917642444698,0.3030927835051546,10.909917642444698
3721,74,10.293552108745422,0.2865979381443299,10.293552108745422
3721,25,11.716997149220699,0.1979381443298969,11.716997149220699
3722,27,10.973678707260095,0.17525773195876287,10.973678707260095
3722,66,10.564580473712581,0.24123711340206186,10.564580473712581
3723,51,10.986744390237224,0.22061855670103092,10.986744390237224
3723,3,11.11439000204688,0.29690721649484536,11.11439000204688
3724,29,11.363139142682474,0.27010309278350514,11.363139142682474
3724,81,11.476911798732424,0.2309278350515464,11.476911798732424
3725,66,10.741566874205235,0.23711340206185566,10.741566874205235
3725,78,11.306680480147238,0.18762886597938144,11.306680480147238
3726,32,10.57114687242901,0.20618556701030927,10.57114687242901
3726,72,9.170672693529175,0.3402061855670103,9.170672693529175
3727,34,11.410976678983339,0.24123711340206186,11.410976678983339
3727,6,10.414384409308711,0.30721649484536084,10.414384409308711
3728,41,10.880399041577531,0.27422680412371137,10.880399041577531
3728,99,9.371751355127863,0.2824742268041237,9.371751355127863
3729,72,11.013903111652256,0.2948453608247423,11.013903111652256
3729,63,10.707316433636462,0.2721649484536082,10.707316433636462
3730,99,11.312875924226073,0.24536082474226803,11.312875924226073
3730,65,11.447191153039247,0.22474226804123712,11.447191153039247
3731,71,10.548308575445928,0.20412371134020618,10.548308575445928
3731,35,10.547949457203055,0.32783505154639175,10.547949457203055
3732,17,10.364217207401884,0.2845360824742268,10.364217207401884
3732,9,10.514291943059064,0.2804123711340206,10.514291943059064
3733,10,11.182544480774968,0.2907216494845361,11.182544480774968
3733,14,11.405976933630953,0.2927835051546392,11.405976933630953
3734,95,10.258594391452426,0.3030927835051546,10.258594391452426
3734,10,8.334914172405668,0.27628865979381445,8.334914172405668
3735,15,10.661774718262297,0.2556701030927835,10.661774718262297
3735,31,11.243931416512725,0.22474226804123712,11.243931416512725
3736,72,11.107532627928151,0.29896907216494845,11.107532627928151
3736,24,10.888487097168463,0.26597938144329897,10.888487097168463
3737,60,11.566041089384585,0.22268041237113403,11.566041089384585
3737,89,11.211416770300657,0.21855670103092784,11.211416770300657
3738,48,11.384223772630278,0.20618556701030927,11.384223772630278
3738,95,9.842954175819102,0.33608247422680415,9.842954175819102
3739,23,10.962794210434083,0.21030927835051547,10.962794210434083
3739,40,10.823822209116845,0.24123711340206186,10.823822209116845
3740,4,10.748243979652353,0.23711340206185566,10.748243979652353
3740,68,9.485491106035722,0.23711340206185566,9.485491106035722
3741,12,10.78438885553254,0.27422680412371137,10.78438885553254
3741,20,11.06589886181083,0.25773195876288657,11.06589886181083
3742,76,9.618903754594088,0.2639175257731959,9.618903754594088
3742,82,10.604375801171791,0.2824742268041237,10.604375801171791
3743,98,9.454893352627314,0.2721649484536082,9.454893352627314
3743,3,10.826005140148842,0.24742268041237114,10.826005140148842
3744,13,11.416920331509624,0.2721649484536082,11.416920331509624
3744,6,11.013548416679923,0.2268041237113402,11.013548416679923
3745,57,10.249193721449675,0.21443298969072164,10.249193721449675
3745,94,10.823434747881858,0.22474226804123712,10.823434747881858
3746,94,10.892754620232362,0.20618556701030927,10.892754620232362
3746,3,11.178799815594857,0.24948453608247423,11.178799815594857
3747,98,10.988991905116238,0.22061855670103092,10.988991905116238
3747,82,10.257820870986928,0.3030927835051546,10.257820870986928
3748,84,11.28707448485458,0.20824742268041238,11.28707448485458
3748,56,12.013564257871641,0.2536082474226804,12.013564257871641
3749,94,10.22363005513952,0.2927835051546392,10.22363005513952
3749,89,11.03774888612188,0.2907216494845361,11.03774888612188
3750,85,10.882724941575203,0.24742268041237114,10.882724941575203
3750,35,10.658150101608804,0.21649484536082475,10.658150101608804
3751,95,10.884287426125194,0.24742268041237114,10.884287426125194
3751,17,9.605670652116242,0.2824742268041237,9.605670652116242
3752,43,11.665520571704926,0.2020618556701031,11.665520571704926
3752,12,11.334837455814416,0.24948453608247423,11.334837455814416
3753,72,11.625849719784064,0.2721649484536082,11.625849719784064
3753,5,10.963844589661653,0.2288659793814433,10.963844589661653
3754,73,11.205737289846262,0.23711340206185566,11.205737289846262
3754,33,10.286291980909958,0.34845360824742266,10.286291980909958
3755,95,11.634427288739259,0.24329896907216494,11.634427288739259
3755,73,11.55571336122823,0.24742268041237114,11.55571336122823
3756,68,11.005406651038232,0.29896907216494845,11.005406651038232
3756,9,10.384876006835501,0.24948453608247423,10.384876006835501
3757,17,10.534272490736017,0.27835051546391754,10.534272490736017
3757,85,11.180275812281804,0.21649484536082475,11.180275812281804
3758,76,10.801225799191839,0.2721649484536082,10.801225799191839
3758,94,8.197564747442698,0.23505154639175257,8.197564747442698
3759,71,10.261110008058582,0.2907216494845361,10.261110008058582
3759,63,11.296567249317722,0.2556701030927835,11.296567249317722
3760,5,10.507211880682252,0.2597938144329897,10.507211880682252
3760,91,10.855220957913788,0.23711340206185566,10.855220957913788
3761,57,11.311836060815972,0.2865979381443299,11.311836060815972
3761,35,10.795470650589357,0.24123711340206186,10.795470650589357
3762,93,11.429872321564508,0.26804123711340205,11.429872321564508
3762,42,7.787849480523739,0.2948453608247423,7.787849480523739
3763,10,11.023945761665539,0.26804123711340205,11.023945761665539
3763,99,11.311583036851621,0.31958762886597936,11.311583036851621
3764,76,11.051396033723544,0.20824742268041238,11.051396033723544
3764,51,11.059850307808798,0.27628865979381445,11.059850307808798
3765,42,8.686657505260946,0.3237113402061856,8.686657505260946
3765,98,9.367722321269518,0.27010309278350514,9.367722321269518
3766,6,10.060356778657235,0.27010309278350514,10.060356778657235
3766,20,10.088511242149462,0.35051546391752575,10.088511242149462
3767,98,9.84791178634365,0.30103092783505153,9.84791178634365
3767,82,11.479345658482842,0.2556701030927835,11.479345658482842
3768,6,11.491500945417863,0.20618556701030927,11.491500945417863
3768,74,11.33386447212602,0.24742268041237114,11.33386447212602
3769,66,10.426582058254187,0.2515463917525773,10.426582058254187
3769,27,10.670002781773599,0.27628865979381445,10.670002781773599
3770,31,11.359570599132441,0.2907216494845361,11.359570599132441
3770,79,11.08905788801551,0.1979381443298969,11.08905788801551
3771,20,11.576284192377328,0.22474226804123712,11.576284192377328
3771,17,11.068374937709955,0.2309278350515464,11.068374937709955
3772,10,11.26338854710402,0.27422680412371137,11.26338854710402
3772,3,10.692672385998211,0.2268041237113402,10.692672385998211
3773,4,10.985748545773337,0.19381443298969073,10.985748545773337
3773,41,11.162762994792496,0.24329896907216494,11.162762994792496
3774,94,11.486379495731885,0.2020618556701031,11.486379495731885
3774,40,10.493477730762972,0.22268041237113403,10.493477730762972
3775,98,11.00628180041818,0.2536082474226804,11.00628180041818
3775,66,10.254193243814598,0.3030927835051546,10.254193243814598
3776,53,11.16977528222093,0.25773195876288657,11.16977528222093
3776,15,11.223155101146478,0.23917525773195877,11.223155101146478
3777,35,10.023740166859223,0.2639175257731959,10.023740166859223
3777,18,11.528309362555479,0.23917525773195877,11.528309362555479
3778,66,12.089107413891984,0.2515463917525773,12.089107413891984
3778,91,11.854083386696603,0.27422680412371137,11.854083386696603
3779,3,11.329664908583768,0.26597938144329897,11.329664908583768
3779,23,11.150194596493625,0.2804123711340206,11.150194596493625
3780,70,11.011453933728214,0.21649484536082475,11.011453933728214
3780,12,10.927728291325305,0.3154639175257732,10.927728291325305
3781,17,11.138389322983276,0.23505154639175257,11.138389322983276
3781,78,10.350355223703422,0.23917525773195877,10.350355223703422
3782,42,10.076270022030318,0.32577319587628867,10.076270022030318
3782,88,11.168032115131687,0.25773195876288657,11.168032115131687
3783,42,11.807185958185794,0.27422680412371137,11.807185958185794
3783,32,10.076778230918713,0.30721649484536084,10.076778230918713
3784,5,9.919240219010225,0.3752577319587629,9.919240219010225
3784,31,10.8235709902997,0.2804123711340206,10.8235709902997
3785,70,11.046148983237217,0.18144329896907216,11.046148983237217
3785,1,11.117350875550542,0.24948453608247423,11.117350875550542
3786,22,10.531222481817737,0.22474226804123712,10.531222481817737
3786,65,11.13389481162155,0.24536082474226803,11.13389481162155
3787,41,11.614726291083812,0.20618556701030927,11.614726291083812
3787,37,10.528926657659918,0.23505154639175257,10.528926657659918
3788,35,6.978669431521903,0.2597938144329897,6.978669431521903
3788,24,7.637454258715532,0.3237113402061856,7.637454258715532
3789,32,11.239949454281621,0.2515463917525773,11.239949454281621
3789,1,11.626800609024926,0.1958762886597938,11.626800609024926
3790,65,11.50722557898693,0.2597938144329897,11.50722557898693
3790,69,12.056892310676895,0.25773195876288657,12.056892310676895
3791,31,10.460718595067574,0.25773195876288657,10.460718595067574
3791,98,10.25815055317078,0.2639175257731959,10.25815055317078
3792,17,10.992245710607476,0.30927835051546393,10.992245710607476
3792,34,11.002411012750896,0.18144329896907216,11.002411012750896
3793,75,11.39522105124247,0.2288659793814433,11.39522105124247
3793,19,11.860767835679615,0.29690721649484536,11.860767835679615
3794,34,10.634205491545316,0.26597938144329897,10.634205491545316
3794,88,11.183558566620015,0.31752577319587627,11.183558566620015
3795,24,10.975826980134876,0.2597938144329897,10.975826980134876
3795,13,10.389149836288897,0.22268041237113403,10.389149836288897
3796,12,11.248496793042266,0.24536082474226803,11.248496793042266
3796,58,11.320769402676614,0.22268041237113403,11.320769402676614
3797,53,10.554700216430989,0.21649484536082475,10.554700216430989
3797,83,11.689071570464094,0.27010309278350514,11.689071570464094
3798,4,11.59289302498448,0.2865979381443299,11.59289302498448
3798,96,11.080329676858577,0.29690721649484536,11.080329676858577
3799,9,10.853913386844491,0.3154639175257732,10.853913386844491
3799,34,12.137040951277305,0.2515463917525773,12.137040951277305
3800,35,11.569142855232252,0.22268041237113403,11.569142855232252
3800,27,11.038325618249106,0.26804123711340205,11.038325618249106
3801,78,11.296140730620532,0.2515463917525773,11.296140730620532
3801,9,10.796200341686404,0.1711340206185567,10.796200341686404
3802,10,11.288566462698745,0.23505154639175257,11.288566462698745
3802,48,11.51154737421226,0.21237113402061855,11.51154737421226
3803,85,11.436596036611478,0.23917525773195877,11.436596036611478
3803,99,11.519156019986733,0.19381443298969073,11.519156019986733
3804,71,11.03423592759477,0.2288659793814433,11.03423592759477
3804,85,11.296742258603855,0.27010309278350514,11.296742258603855
3805,78,10.48596423525177,0.2948453608247423,10.48596423525177
3805,11,11.497031829313483,0.23711340206185566,11.497031829313483
3806,5,10.260315751400405,0.18762886597938144,10.260315751400405
3806,13,11.341528298541892,0.21855670103092784,11.341528298541892
3807,68,10.89085396416008,0.20824742268041238,10.89085396416008
3807,51,10.275356141402062,0.2309278350515464,10.275356141402062
3808,70,11.239488166157104,0.2824742268041237,11.239488166157104
3808,85,11.48748900005072,0.21649484536082475,11.48748900005072
3809,46,11.24420867730358,0.2309278350515464,11.24420867730358
3809,12,11.14982551647752,0.26804123711340205,11.14982551647752
3810,98,11.023412847682481,0.2639175257731959,11.023412847682481
3810,81,11.280225578855816,0.21030927835051547,11.280225578855816
3811,5,10.877073966400353,0.21443298969072164,10.877073966400353
3811,21,10.077839710567744,0.25773195876288657,10.077839710567744
3812,55,9.243936638568025,0.2948453608247423,9.243936638568025
3812,2,11.717232369159595,0.2536082474226804,11.717232369159595
3813,33,10.965158470272979,0.22474226804123712,10.965158470272979
3813,37,11.34467481462778,0.2597938144329897,11.34467481462778
3814,81,9.71385741011333,0.27422680412371137,9.71385741011333
3814,75,11.654790998297516,0.27422680412371137,11.654790998297516
3815,76,11.63818968133132,0.27835051546391754,11.63818968133132
3815,73,11.37321458937103,0.2329896907216495,11.37321458937103
3816,40,11.804446847238728,0.2804123711340206,11.804446847238728
3816,71,11.417309646259671,0.24329896907216494,11.417309646259671
3817,31,11.542263725007599,0.27628865979381445,11.542263725007599
3817,68,11.633226199913434,0.31958762886597936,11.633226199913434
3818,38,11.423980245236361,0.2309278350515464,11.423980245236361
3818,6,11.016962601607322,0.2268041237113402,11.016962601607322
3819,79,11.49544364965416,0.27835051546391754,11.49544364965416
3819,70,11.450949059631752,0.3154639175257732,11.450949059631752
3820,53,11.183063864511158,0.2824742268041237,11.183063864511158
3820,17,11.555549063577136,0.2804123711340206,11.555549063577136
3821,38,10.130299014496481,0.18144329896907216,10.130299014496481
3821,39,10.911461419050164,0.23505154639175257,10.911461419050164
3822,10,11.365865900016747,0.1958762886597938,11.365865900016747
3822,37,11.280685553213987,0.2639175257731959,11.280685553213987
3823,78,11.32475704621348,0.29690721649484536,11.32475704621348
3823,88,11.317821920059034,0.2907216494845361,11.317821920059034
3824,37,10.991002276673589,0.29896907216494845,10.991002276673589
3824,84,10.831628923533982,0.27010309278350514,10.831628923533982
3825,5,10.985852668192162,0.2824742268041237,10.985852668192162
3825,39,10.9090594913018,0.2804123711340206,10.9090594913018
3826,98,11.243360438718634,0.27835051546391754,11.243360438718634
3826,12,10.640145805998772,0.2536082474226804,10.640145805998772
3827,81,11.329563335895376,0.24742268041237114,11.329563335895376
3827,27,11.340933215497955,0.24742268041237114,11.340933215497955
3828,48,11.091279107318032,0.21649484536082475,11.091279107318032
3828,72,10.947278371414022,0.3030927835051546,10.947278371414022
3829,72,11.297464663795141,0.27628865979381445,11.297464663795141
3829,6,11.656978750522354,0.26804123711340205,11.656978750522354
3830,78,11.25862855313211,0.29896907216494845,11.25862855313211
3830,27,11.752271443795985,0.27010309278350514,11.752271443795985
3831,93,11.292903739985697,0.20412371134020618,11.292903739985697
3831,60,10.938640537571484,0.2020618556701031,10.938640537571484
3832,53,11.047315600948565,0.19175257731958764,11.047315600948565
3832,13,10.937625528257389,0.2618556701030928,10.937625528257389
3833,21,10.834574284094936,0.3216494845360825,10.834574284094936
3833,84,11.506557873384173,0.1958762886597938,11.506557873384173
3834,81,11.600078536022172,0.2329896907216495,11.600078536022172
3834,10,10.026626622068608,0.23505154639175257,10.026626622068608
3835,14,11.524905466557447,0.2309278350515464,11.524905466557447
3835,26,11.207389753187126,0.29690721649484536,11.207389753187126
3836,37,10.50928986654345,0.24329896907216494,10.50928986654345
3836,29,10.959312218938392,0.23711340206185566,10.959312218938392
3837,30,11.510758456050755,0.22268041237113403,11.510758456050755
3837,32,9.356694084978706,0.24329896907216494,9.356694084978706
3838,26,11.089134854231343,0.35670103092783506,11.089134854231343
3838,88,11.167046839824284,0.27010309278350514,11.167046839824284
3839,55,11.7411753890065,0.3030927835051546,11.7411753890065
3839,10,9.040256566810946,0.18350515463917524,9.040256566810946
3840,37,10.688701977375302,0.26804123711340205,10.688701977375302
3840,33,11.832259525917975,0.22061855670103092,11.832259525917975
3841,88,11.69518852573939,0.2865979381443299,11.69518852573939
3841,78,11.247187578604928,0.2536082474226804,11.247187578604928
3842,9,11.01087856326952,0.26597938144329897,11.01087856326952
3842,89,10.838109285646551,0.30515463917525776,10.838109285646551
3843,37,11.417847328449316,0.21649484536082475,11.417847328449316
3843,9,10.863824217000602,0.2639175257731959,10.863824217000602
3844,87,11.594196687793477,0.24329896907216494,11.594196687793477
3844,94,11.310242373201799,0.3030927835051546,11.310242373201799
3845,96,11.194744290907177,0.2721649484536082,11.194744290907177
3845,94,11.022501657544291,0.2329896907216495,11.022501657544291
3846,90,10.221598541831685,0.2309278350515464,10.221598541831685
3846,73,10.679579160559484,0.22268041237113403,10.679579160559484
3847,7,9.599874776703126,0.2618556701030928,9.599874776703126
3847,81,11.103702793495819,0.2,11.103702793495819
3848,53,10.603541064196731,0.21649484536082475,10.603541064196731
3848,15,11.721646534985382,0.24329896907216494,11.721646534985382
3849,32,11.928347384871088,0.18762886597938144,11.928347384871088
3849,50,10.918266782263455,0.2721649484536082,10.918266782263455
3850,78,10.33897328074098,0.27010309278350514,10.33897328074098
3850,17,10.767769657944392,0.22474226804123712,10.767769657944392
3851,98,11.217762236257256,0.22474226804123712,11.217762236257256
3851,63,11.816812826892566,0.3154639175257732,11.816812826892566
3852,12,11.392044198424147,0.21855670103092784,11.392044198424147
3852,20,11.556312844632812,0.2,11.556312844632812
3853,29,11.681736488908106,0.19381443298969073,11.681736488908106
3853,45,10.313512299404577,0.2721649484536082,10.313512299404577
3854,53,9.841493803745307,0.2927835051546392,9.841493803745307
3854,5,11.107118584140991,0.30721649484536084,11.107118584140991
3855,24,10.994115879664141,0.23917525773195877,10.994115879664141
3855,59,11.46033586687834,0.24536082474226803,11.46033586687834
3856,65,11.501451698876911,0.2309278350515464,11.501451698876911
3856,63,11.205413359511935,0.20824742268041238,11.205413359511935
3857,93,11.147978739580898,0.2845360824742268,11.147978739580898
3857,1,9.731954973070316,0.2865979381443299,9.731954973070316
3858,10,11.152639059515888,0.311340206185567,11.152639059515888
3858,81,10.799132859030157,0.26597938144329897,10.799132859030157
3859,39,7.213346636133081,0.2865979381443299,7.213346636133081
3859,77,10.095418495194563,0.2329896907216495,10.095418495194563
3860,63,11.177458890051899,0.2309278350515464,11.177458890051899
3860,59,10.164658590889697,0.23505154639175257,10.164658590889697
3861,22,11.20433353752044,0.17525773195876287,11.20433353752044
3861,99,11.407875940347987,0.2948453608247423,11.407875940347987
3862,7,11.371162681776292,0.20824742268041238,11.371162681776292
3862,59,11.710230046182064,0.2309278350515464,11.710230046182064
3863,98,10.614988561454615,0.19381443298969073,10.614988561454615
3863,76,11.47682154389666,0.2556701030927835,11.47682154389666
3864,98,11.036162643947716,0.27422680412371137,11.036162643947716
3864,17,11.164462756942996,0.30515463917525776,11.164462756942996
3865,48,11.19141812203304,0.25773195876288657,11.19141812203304
3865,10,11.72977617475172,0.24742268041237114,11.72977617475172
3866,48,11.492422914831826,0.2907216494845361,11.492422914831826
3866,57,9.860706139034582,0.35051546391752575,9.860706139034582
3867,17,10.533138365102644,0.2845360824742268,10.533138365102644
3867,46,11.510986075385786,0.29896907216494845,11.510986075385786
3868,78,11.72223369371097,0.24948453608247423,11.72223369371097
3868,74,10.688840126476215,0.2721649484536082,10.688840126476215
3869,39,11.23329962169721,0.30515463917525776,11.23329962169721
3869,52,11.563987583449205,0.26804123711340205,11.563987583449205
3870,38,10.562051224999385,0.24742268041237114,10.562051224999385
3870,80,11.529397099958537,0.30927835051546393,11.529397099958537
3871,61,10.796115402429134,0.23505154639175257,10.796115402429134
3871,46,11.504461851540938,0.2515463917525773,11.504461851540938
3872,60,11.460035392049301,0.21443298969072164,11.460035392049301
3872,79,10.820376392436824,0.20412371134020618,10.820376392436824
3873,38,11.479413111677017,0.21855670103092784,11.479413111677017
3873,73,10.68761543542737,0.16082474226804125,10.68761543542737
3874,3,10.932622488197254,0.3134020618556701,10.932622488197254
3874,14,11.444415189276974,0.22061855670103092,11.444415189276974
3875,39,10.890676477695767,0.22061855670103092,10.890676477695767
3875,12,11.058267090263977,0.23711340206185566,11.058267090263977
3876,76,11.104922931113116,0.26597938144329897,11.104922931113116
3876,46,11.899155169452047,0.2556701030927835,11.899155169452047
3877,81,10.734069810788053,0.3154639175257732,10.734069810788053
3877,23,12.037968644616639,0.21855670103092784,12.037968644616639
3878,22,11.789447273885596,0.23505154639175257,11.789447273885596
3878,85,11.34135335151892,0.24329896907216494,11.34135335151892
3879,74,10.76184465549869,0.2329896907216495,10.76184465549869
3879,31,10.389725885738432,0.24123711340206186,10.389725885738432
3880,51,11.010134845390073,0.2309278350515464,11.010134845390073
3880,17,11.39841871490961,0.22061855670103092,11.39841871490961
3881,82,11.456998463658177,0.23711340206185566,11.456998463658177
3881,6,11.608988724529437,0.2907216494845361,11.608988724529437
3882,87,10.22952420105622,0.24742268041237114,10.22952420105622
3882,68,11.329398741320492,0.2721649484536082,11.329398741320492
3883,77,10.670003996679183,0.27835051546391754,10.670003996679183
3883,79,11.395477564752007,0.31752577319587627,11.395477564752007
3884,14,11.550745481260732,0.23917525773195877,11.550745481260732
3884,62,11.342633176393917,0.19175257731958764,11.342633176393917
3885,74,11.602777391638154,0.24329896907216494,11.602777391638154
3885,3,10.813825374375494,0.32783505154639175,10.813825374375494
3886,45,11.328059762428087,0.27835051546391754,11.328059762428087
3886,3,11.385918483166183,0.2845360824742268,11.385918483166183
3887,87,11.036712676844958,0.2329896907216495,11.036712676844958
3887,76,12.021603393238456,0.2556701030927835,12.021603393238456
3888,79,11.2572587693646,0.23917525773195877,11.2572587693646
3888,71,11.177131434925121,0.24123711340206186,11.177131434925121
3889,98,10.864407558600304,0.28865979381443296,10.864407558600304
3889,62,11.43894110575282,0.23711340206185566,11.43894110575282
3890,39,10.718087863504998,0.2907216494845361,10.718087863504998
3890,94,11.686124377854249,0.23917525773195877,11.686124377854249
3891,41,10.51854387003456,0.2845360824742268,10.51854387003456
3891,64,10.851383633890547,0.2556701030927835,10.851383633890547
3892,74,11.987806860956104,0.2721649484536082,11.987806860956104
3892,6,11.362974916851067,0.23917525773195877,11.362974916851067
3893,3,11.509666574760338,0.21649484536082475,11.509666574760338
3893,37,9.973507458570891,0.24123711340206186,9.973507458570891
3894,41,10.962477341114914,0.29896907216494845,10.962477341114914
3894,18,10.649437160707203,0.18969072164948453,10.649437160707203
3895,21,10.541999509468956,0.24123711340206186,10.541999509468956
3895,64,11.712344405960117,0.2865979381443299,11.712344405960117
3896,58,11.612260491695068,0.20412371134020618,11.612260491695068
3896,65,10.037210144986261,0.33814432989690724,10.037210144986261
3897,93,9.84359561075781,0.2907216494845361,9.84359561075781
3897,48,7.715440802617847,0.31752577319587627,7.715440802617847
3898,60,11.33186832400215,0.21443298969072164,11.33186832400215
3898,38,11.336345776355268,0.2329896907216495,11.336345776355268
3899,73,11.278751707030507,0.29690721649484536,11.278751707030507
3899,71,10.963391203954485,0.2907216494845361,10.963391203954485
3900,84,12.04525134504407,0.33814432989690724,12.04525134504407
3900,3,11.065929698298559,0.2907216494845361,11.065929698298559
3901,96,10.986354865960026,0.26597938144329897,10.986354865960026
3901,72,11.848643615569445,0.24742268041237114,11.848643615569445
3902,18,11.378588205442293,0.2515463917525773,11.378588205442293
3902,81,11.695504591487966,0.2639175257731959,11.695504591487966
3903,65,11.857088952931782,0.23917525773195877,11.857088952931782
3903,52,10.559735600531031,0.22061855670103092,10.559735600531031
3904,87,11.60082957332033,0.3030927835051546,11.60082957332033
3904,38,11.368753607074575,0.23505154639175257,11.368753607074575
3905,93,10.759202982227585,0.334020618556701,10.759202982227585
3905,26,10.088944120062301,0.2927835051546392,10.088944120062301
3906,11,11.130824346344395,0.2536082474226804,11.130824346344395
3906,36,11.198351239124959,0.18350515463917524,11.198351239124959
3907,39,11.833427659922856,0.23711340206185566,11.833427659922856
3907,38,11.02477455963651,0.24329896907216494,11.02477455963651
3908,1,10.982822015606105,0.3134020618556701,10.982822015606105
3908,28,10.993576228811499,0.3134020618556701,10.993576228811499
3909,61,10.570241384576187,0.27422680412371137,10.570241384576187
3909,38,10.97807705052734,0.2907216494845361,10.97807705052734
3910,77,10.536350248099192,0.3319587628865979,10.536350248099192
3910,95,10.853376874388154,0.29896907216494845,10.853376874388154
3911,61,11.086037841034106,0.2721649484536082,11.086037841034106
3911,38,11.220818911748216,0.2515463917525773,11.220818911748216
3912,45,10.916418917424958,0.24948453608247423,10.916418917424958
3912,75,7.155492958581354,0.14845360824742268,7.155492958581354
3913,93,8.804447170673066,0.511340206185567,8.804447170673066
3913,50,10.458465683315742,0.37938144329896906,10.458465683315742
3914,75,9.897521227490197,0.19381443298969073,9.897521227490197
3914,3,11.739827205942168,0.2536082474226804,11.739827205942168
3915,21,11.494561974361016,0.2309278350515464,11.494561974361016
3915,89,11.827833726889143,0.24329896907216494,11.827833726889143
3916,57,11.343328169039795,0.27422680412371137,11.343328169039795
3916,35,9.530452209043894,0.37938144329896906,9.530452209043894
3917,26,10.342204450393508,0.27010309278350514,10.342204450393508
3917,77,10.946334628550854,0.2536082474226804,10.946334628550854
3918,90,11.559583158828381,0.21649484536082475,11.559583158828381
3918,26,11.778084919277095,0.2639175257731959,11.778084919277095
3919,35,10.311397392792891,0.1670103092783505,10.311397392792891
3919,5,11.361956925520506,0.2824742268041237,11.361956925520506
3920,93,10.940830719527966,0.3216494845360825,10.940830719527966
3920,57,11.443175957024549,0.2907216494845361,11.443175957024549
3921,28,10.973810782670798,0.26804123711340205,10.973810782670798
3921,54,11.49137873827551,0.26597938144329897,11.49137873827551
3922,95,12.064114198825965,0.26597938144329897,12.064114198825965
3922,71,11.151211626148491,0.2804123711340206,11.151211626148491
3923,30,11.28683132417764,0.24536082474226803,11.28683132417764
3923,65,11.234603955237947,0.20412371134020618,11.234603955237947
3924,77,11.366302012322231,0.27422680412371137,11.366302012322231
3924,6,11.112301425779377,0.24948453608247423,11.112301425779377
3925,98,11.610280873268994,0.2639175257731959,11.610280873268994
3925,13,11.484688009011837,0.20824742268041238,11.484688009011837
3926,17,11.100811382065398,0.26804123711340205,11.100811382065398
3926,27,11.44899150485983,0.2515463917525773,11.44899150485983
3927,35,10.45471128050264,0.2948453608247423,10.45471128050264
3927,79,11.399701845862241,0.21030927835051547,11.399701845862241
3928,75,11.814098972494195,0.2288659793814433,11.814098972494195
3928,45,10.97112785584031,0.24742268041237114,10.97112785584031
3929,38,10.273760233709137,0.2536082474226804,10.273760233709137
3929,30,10.62767176962048,0.25773195876288657,10.62767176962048
3930,38,11.227203478599971,0.21855670103092784,11.227203478599971
3930,36,11.343339865452409,0.23711340206185566,11.343339865452409
3931,98,11.339983663249411,0.21443298969072164,11.339983663249411
3931,92,11.36404471023006,0.26804123711340205,11.36404471023006
3932,27,10.405445749337792,0.24948453608247423,10.405445749337792
3932,13,11.215749356040083,0.22061855670103092,11.215749356040083
3933,30,11.401401303074698,0.24329896907216494,11.401401303074698
3933,11,10.5342231495898,0.2721649484536082,10.5342231495898
3934,79,11.416420212294332,0.2824742268041237,11.416420212294332
3934,47,11.76203077210349,0.24536082474226803,11.76203077210349
3935,52,11.028353440904883,0.20412371134020618,11.028353440904883
3935,41,11.418095145110325,0.2824742268041237,11.418095145110325
3936,50,11.332402144401232,0.2948453608247423,11.332402144401232
3936,21,11.617305770850342,0.31752577319587627,11.617305770850342
3937,65,10.764941204900492,0.2556701030927835,10.764941204900492
3937,92,11.256795298196103,0.3216494845360825,11.256795298196103
3938,37,10.461649948497694,0.2268041237113402,10.461649948497694
3938,35,10.815410718605124,0.26804123711340205,10.815410718605124
3939,24,10.93859179656261,0.23505154639175257,10.93859179656261
3939,17,11.149648092111565,0.2804123711340206,11.149648092111565
3940,65,11.312763823159468,0.20618556701030927,11.312763823159468
3940,5,11.53861515783974,0.23917525773195877,11.53861515783974
3941,36,11.37925656860409,0.21649484536082475,11.37925656860409
3941,70,10.609539402171473,0.26804123711340205,10.609539402171473
3942,77,11.204137204824914,0.24329896907216494,11.204137204824914
3942,57,11.069492682455184,0.24123711340206186,11.069492682455184
3943,57,11.191546900351726,0.27422680412371137,11.191546900351726
3943,85,11.698748094497681,0.23917525773195877,11.698748094497681
3944,93,10.856318202436984,0.20618556701030927,10.856318202436984
3944,87,10.663490395433314,0.29690721649484536,10.663490395433314
3945,48,11.185663978913386,0.26597938144329897,11.185663978913386
3945,10,10.800049597482694,0.21649484536082475,10.800049597482694
3946,27,11.7223401582484,0.21443298969072164,11.7223401582484
3946,52,11.724449355130009,0.22268041237113403,11.724449355130009
3947,10,11.521522122469879,0.1731958762886598,11.521522122469879
3947,45,11.284516096192041,0.29896907216494845,11.284516096192041
3948,37,10.835002909090552,0.2268041237113402,10.835002909090552
3948,11,9.345522748569598,0.17525773195876287,9.345522748569598
3949,87,11.204259096359971,0.27628865979381445,11.204259096359971
3949,57,11.905457454892055,0.21649484536082475,11.905457454892055
3950,12,10.004458822959355,0.2618556701030928,10.004458822959355
3950,80,10.678158910643386,0.23917525773195877,10.678158910643386
3951,28,10.96452707291267,0.2309278350515464,10.96452707291267
3951,18,11.880664883792678,0.2288659793814433,11.880664883792678
3952,38,11.498606361030363,0.21443298969072164,11.498606361030363
3952,50,9.702348533119462,0.334020618556701,9.702348533119462
3953,98,11.456121627510354,0.27422680412371137,11.456121627510354
3953,99,10.27919927736214,0.3711340206185567,10.27919927736214
3954,53,10.745764126178413,0.2288659793814433,10.745764126178413
3954,63,11.272241929192013,0.2907216494845361,11.272241929192013
3955,96,11.238737385167187,0.29896907216494845,11.238737385167187
3955,41,11.625377876061622,0.22061855670103092,11.625377876061622
3956,54,10.935033829684663,0.2536082474226804,10.935033829684663
3956,14,11.292498377328782,0.33814432989690724,11.292498377328782
3957,24,10.0576470869105,0.334020618556701,10.0576470869105
3957,2,10.696704407829728,0.2824742268041237,10.696704407829728
3958,77,11.693301458163125,0.24536082474226803,11.693301458163125
3958,64,11.28811957901437,0.2907216494845361,11.28811957901437
3959,11,10.786590774783638,0.2865979381443299,10.786590774783638
3959,87,11.491076026558105,0.27422680412371137,11.491076026558105
3960,11,11.236923311174088,0.27422680412371137,11.236923311174088
3960,36,10.979201835370121,0.27835051546391754,10.979201835370121
3961,68,10.854756083733232,0.24123711340206186,10.854756083733232
3961,90,11.332650491967334,0.19381443298969073,11.332650491967334
3962,68,11.180530344172716,0.23917525773195877,11.180530344172716
3962,13,11.727344930088108,0.2865979381443299,11.727344930088108
3963,70,11.516846441378354,0.2515463917525773,11.516846441378354
3963,93,9.837135068999565,0.2309278350515464,9.837135068999565
3964,60,11.679711081310678,0.2804123711340206,11.679711081310678
3964,79,11.073915189409709,0.24948453608247423,11.073915189409709
3965,70,10.7985075237167,0.2865979381443299,10.7985075237167
3965,81,11.903518456400954,0.24536082474226803,11.903518456400954
3966,61,11.574900245252609,0.2804123711340206,11.574900245252609
3966,29,11.000576829708512,0.2597938144329897,11.000576829708512
3967,24,11.242186060929988,0.22268041237113403,11.242186060929988
3967,37,11.000677222055078,0.22061855670103092,11.000677222055078
3968,1,11.097567720131163,0.23505154639175257,11.097567720131163
3968,90,10.502244872435458,0.2639175257731959,10.502244872435458
3969,27,11.697028804746447,0.2536082474226804,11.697028804746447
3969,22,10.970366943350342,0.3525773195876289,10.970366943350342
3970,35,11.066158428187068,0.2639175257731959,11.066158428187068
3970,22,11.304046052692264,0.23917525773195877,11.304046052692264
3971,70,10.546645926365702,0.2948453608247423,10.546645926365702
3971,36,11.179072095587289,0.23711340206185566,11.179072095587289
3972,99,11.326257923697055,0.2597938144329897,11.326257923697055
3972,28,11.75902197543253,0.2804123711340206,11.75902197543253
3973,12,10.817303540397528,0.24948453608247423,10.817303540397528
3973,62,10.945460101869367,0.24536082474226803,10.945460101869367
3974,50,11.014088710957344,0.28865979381443296,11.014088710957344
3974,79,11.511402127166223,0.2845360824742268,11.511402127166223
3975,48,11.101241788995372,0.27628865979381445,11.101241788995372
3975,58,11.395728096540303,0.3237113402061856,11.395728096540303
3976,1,11.287549861201178,0.29690721649484536,11.287549861201178
3976,59,9.891678479144169,0.20824742268041238,9.891678479144169
3977,24,11.275726170100612,0.22474226804123712,11.275726170100612
3977,55,11.659920636804369,0.2288659793814433,11.659920636804369
3978,6,12.168785013474833,0.23711340206185566,12.168785013474833
3978,26,10.573956458658303,0.2927835051546392,10.573956458658303
3979,31,11.275875284900861,0.27628865979381445,11.275875284900861
3979,64,11.046270400681927,0.2804123711340206,11.046270400681927
3980,53,10.8494683321075,0.30515463917525776,10.8494683321075
3980,96,11.82340426160529,0.2618556701030928,11.82340426160529
3981,48,10.097415101308277,0.29690721649484536,10.097415101308277
3981,14,10.687547716157603,0.2268041237113402,10.687547716157603
3982,26,11.396148572170432,0.22474226804123712,11.396148572170432
3982,35,11.544438835134462,0.2597938144329897,11.544438835134462
3983,14,11.849982155818296,0.24948453608247423,11.849982155818296
3983,51,10.854957940854046,0.2618556701030928,10.854957940854046
3984,59,11.195173979916813,0.20824742268041238,11.195173979916813
3984,80,11.0987814089923,0.25773195876288657,11.0987814089923
3985,90,11.57052534126409,0.29690721649484536,11.57052534126409
3985,38,10.460411501593384,0.24948453608247423,10.460411501593384
3986,64,11.868759025923636,0.24948453608247423,11.868759025923636
3986,99,11.384107605182697,0.30721649484536084,11.384107605182697
3987,11,11.24416712546825,0.27835051546391754,11.24416712546825
3987,65,11.514856607497604,0.2845360824742268,11.514856607497604
3988,24,11.443386119951485,0.2824742268041237,11.443386119951485
3988,87,10.71647584082611,0.24123711340206186,10.71647584082611
3989,11,7.038819121649704,0.2948453608247423,7.038819121649704
3989,21,10.201279958273274,0.2927835051546392,10.201279958273274
3990,29,11.351244173551889,0.24123711340206186,11.351244173551889
3990,36,10.628456455609097,0.20824742268041238,10.628456455609097
3991,51,8.85966881490739,0.32989690721649484,8.85966881490739
3991,98,8.84921528430528,0.38144329896907214,8.84921528430528
3992,93,11.03590735124859,0.23505154639175257,11.03590735124859
3992,58,11.42336113226753,0.22061855670103092,11.42336113226753
3993,48,11.49508084384549,0.2309278350515464,11.49508084384549
3993,58,11.304825879284293,0.2329896907216495,11.304825879284293
3994,82,9.761912437896024,0.25773195876288657,9.761912437896024
3994,48,10.969871805116176,0.2948453608247423,10.969871805116176
3995,38,11.234615942669018,0.24329896907216494,11.234615942669018
3995,2,10.737015863933644,0.24742268041237114,10.737015863933644
3996,21,11.53856050980564,0.30103092783505153,11.53856050980564
3996,37,11.118763266831934,0.2597938144329897,11.118763266831934
3997,12,9.825582155723643,0.23917525773195877,9.825582155723643
3997,43,11.2909182749186,0.2618556701030928,11.2909182749186
3998,93,11.371930753429476,0.21030927835051547,11.371930753429476
3998,31,11.496371848947792,0.24948453608247423,11.496371848947792
3999,51,11.05934769608103,0.2288659793814433,11.05934769608103
3999,87,11.435118987771093,0.2536082474226804,11.435118987771093
4000,2,11.369150403643568,0.2804123711340206,11.369150403643568
4000,55,10.919664245634321,0.2865979381443299,10.919664245634321
4001,38,11.120420744052279,0.2948453608247423,11.120420744052279
4001,31,11.526082342197283,0.26597938144329897,11.526082342197283
4002,7,11.33243511794172,0.2536082474226804,11.33243511794172
4002,31,11.32148841021466,0.2618556701030928,11.32148841021466
4003,59,11.93263748291932,0.2618556701030928,11.93263748291932
4003,45,11.305835984125329,0.29690721649484536,11.305835984125329
4004,93,11.443917037573545,0.21649484536082475,11.443917037573545
4004,90,10.65967999796298,0.2515463917525773,10.65967999796298
4005,21,11.724377676856335,0.2639175257731959,11.724377676856335
4005,47,11.178571490036573,0.18969072164948453,11.178571490036573
4006,62,11.689532622817596,0.27422680412371137,11.689532622817596
4006,29,11.35888944663113,0.23505154639175257,11.35888944663113
4007,54,10.032522173737036,0.2907216494845361,10.032522173737036
4007,92,9.778062288367776,0.23917525773195877,9.778062288367776
4008,11,11.114851867462217,0.2927835051546392,11.114851867462217
4008,12,11.587867684012506,0.27628865979381445,11.587867684012506
4009,98,11.745790252490139,0.2309278350515464,11.745790252490139
4009,9,10.81045380099778,0.23917525773195877,10.81045380099778
4010,54,9.869618993359127,0.2639175257731959,9.869618993359127
4010,90,11.550726590031983,0.20824742268041238,11.550726590031983
4011,37,10.024592787917648,0.36082474226804123,10.024592787917648
4011,7,11.334031222959668,0.334020618556701,11.334031222959668
4012,45,11.27418376086941,0.2721649484536082,11.27418376086941
4012,7,10.230992554136472,0.2288659793814433,10.230992554136472
4013,38,11.1788156493629,0.22474226804123712,11.1788156493629
4013,5,11.473940336683752,0.29896907216494845,11.473940336683752
4014,51,11.120614163871473,0.2639175257731959,11.120614163871473
4014,45,11.474579069778395,0.2845360824742268,11.474579069778395
4015,7,11.003137083552595,0.2907216494845361,11.003137083552595
4015,80,11.234002683223668,0.23711340206185566,11.234002683223668
4016,47,11.494284809986679,0.2721649484536082,11.494284809986679
4016,31,10.9435987524058,0.24536082474226803,10.9435987524058
4017,47,11.582733529407834,0.23711340206185566,11.582733529407834
4017,79,10.941188141375447,0.29896907216494845,10.941188141375447
4018,24,11.263804153029552,0.29690721649484536,11.263804153029552
4018,65,11.539164299000824,0.26804123711340205,11.539164299000824
4019,37,11.034717335526341,0.23917525773195877,11.034717335526341
4019,9,11.588397810663126,0.30515463917525776,11.588397810663126
4020,61,10.747834129338516,0.23505154639175257,10.747834129338516
4020,49,11.09916129488265,0.22061855670103092,11.09916129488265
4021,30,11.05376802013105,0.24123711340206186,11.05376802013105
4021,96,9.988642081292845,0.23711340206185566,9.988642081292845
4022,96,11.505935390250514,0.2804123711340206,11.505935390250514
4022,17,10.056852562754239,0.26804123711340205,10.056852562754239
4023,37,11.575252861103447,0.22474226804123712,11.575252861103447
4023,51,11.085516446550063,0.21030927835051547,11.085516446550063
4024,90,11.256343216264538,0.23711340206185566,11.256343216264538
4024,37,11.061930959933958,0.2618556701030928,11.061930959933958
4025,71,10.573950110094621,0.2536082474226804,10.573950110094621
4025,99,9.434740908593367,0.24329896907216494,9.434740908593367
4026,61,11.469602172786008,0.23505154639175257,11.469602172786008
4026,79,10.069416438975914,0.27422680412371137,10.069416438975914
4027,58,10.813089733444263,0.23711340206185566,10.813089733444263
4027,62,9.913777357413842,0.3030927835051546,9.913777357413842
4028,79,11.455542586752165,0.30721649484536084,11.455542586752165
4028,27,11.347127292834445,0.2618556701030928,11.347127292834445
4029,30,10.344169776343016,0.3134020618556701,10.344169776343016
4029,65,11.404070788639036,0.2329896907216495,11.404070788639036
4030,53,9.435686095519658,0.27422680412371137,9.435686095519658
4030,50,11.122904142347977,0.28865979381443296,11.122904142347977
4031,26,11.468692898672977,0.28865979381443296,11.468692898672977
4031,98,11.074239184365657,0.24329896907216494,11.074239184365657
4032,82,10.596329789745825,0.32577319587628867,10.596329789745825
4032,55,10.302455134223237,0.26804123711340205,10.302455134223237
4033,55,10.147090084640883,0.23505154639175257,10.147090084640883
4033,41,11.479118172510418,0.2907216494845361,11.479118172510418
4034,50,11.70347730378412,0.2639175257731959,11.70347730378412
4034,27,11.311335169941783,0.29896907216494845,11.311335169941783
4035,40,11.38020936586279,0.30515463917525776,11.38020936586279
4035,42,11.381022968480202,0.2824742268041237,11.381022968480202
4036,58,10.362978453473493,0.21237113402061855,10.362978453473493
4036,73,11.090574655200317,0.21649484536082475,11.090574655200317
4037,80,11.07457111747758,0.2268041237113402,11.07457111747758
4037,85,11.846680383449968,0.2721649484536082,11.846680383449968
4038,68,10.917276614617217,0.21855670103092784,10.917276614617217
4038,5,10.019480446481927,0.3443298969072165,10.019480446481927
4039,55,9.945076948129017,0.25773195876288657,9.945076948129017
4039,37,10.922849961676937,0.3154639175257732,10.922849961676937
4040,36,11.711393727638132,0.24123711340206186,11.711393727638132
4040,31,11.648211418107657,0.1979381443298969,11.648211418107657
4041,99,10.844473961026116,0.29896907216494845,10.844473961026116
4041,5,10.577574762594649,0.24948453608247423,10.577574762594649
4042,99,11.231049507871543,0.2948453608247423,11.231049507871543
4042,65,11.787032521409497,0.26597938144329897,11.787032521409497
4043,70,11.626510132898245,0.29896907216494845,11.626510132898245
4043,96,11.468903481074785,0.24329896907216494,11.468903481074785
4044,63,11.164550014903938,0.2618556701030928,11.164550014903938
4044,1,10.244067417512884,0.29690721649484536,10.244067417512884
4045,55,11.195896695990676,0.2288659793814433,11.195896695990676
4045,20,11.279077889723384,0.24742268041237114,11.279077889723384
4046,58,11.490453319902258,0.24948453608247423,11.490453319902258
4046,2,11.312219718836609,0.26804123711340205,11.312219718836609
4047,53,11.219242599825424,0.24536082474226803,11.219242599825424
4047,2,10.817353373302836,0.2309278350515464,10.817353373302836
4048,87,11.693408723380708,0.2536082474226804,11.693408723380708
4048,79,11.204527931970674,0.2845360824742268,11.204527931970674
4049,71,10.458385206909195,0.21443298969072164,10.458385206909195
4049,24,11.09797522514223,0.21237113402061855,11.09797522514223
4050,51,11.957568252668839,0.2927835051546392,11.957568252668839
4050,53,11.45831856008803,0.26597938144329897,11.45831856008803
4051,1,10.29100709404923,0.24742268041237114,10.29100709404923
4051,11,10.268707282500536,0.27835051546391754,10.268707282500536
4052,79,11.00905444152768,0.3154639175257732,11.00905444152768
4052,42,10.824564185571692,0.21237113402061855,10.824564185571692
4053,92,11.410150665578037,0.22268041237113403,11.410150665578037
4053,54,11.498375835358953,0.26597938144329897,11.498375835358953
4054,31,11.045113333630637,0.27422680412371137,11.045113333630637
4054,87,11.017899903964667,0.26597938144329897,11.017899903964667
4055,62,11.118883687238952,0.21237113402061855,11.118883687238952
4055,38,10.12158396176731,0.33814432989690724,10.12158396176731
4056,38,11.172056875081287,0.24123711340206186,11.172056875081287
4056,11,11.294059528812694,0.29896907216494845,11.294059528812694
4057,30,11.169320060325509,0.2907216494845361,11.169320060325509
4057,31,10.97859420910523,0.2329896907216495,10.97859420910523
4058,24,11.714931993052604,0.2824742268041237,11.714931993052604
4058,30,10.660136437809594,0.2536082474226804,10.660136437809594
4059,5,11.906356866812498,0.3030927835051546,11.906356866812498
4059,53,9.556809648909221,0.2804123711340206,9.556809648909221
4060,53,10.481043136823068,0.20824742268041238,10.481043136823068
4060,17,11.143185728763198,0.22474226804123712,11.143185728763198
4061,30,11.85778536564666,0.27628865979381445,11.85778536564666
4061,22,11.487945513342169,0.2927835051546392,11.487945513342169
4062,53,11.567472142185492,0.2618556701030928,11.567472142185492
4062,26,11.769061500230439,0.2824742268041237,11.769061500230439
4063,68,9.343705017356445,0.30927835051546393,9.343705017356445
4063,20,11.201249416000532,0.2845360824742268,11.201249416000532
4064,79,11.489846431117588,0.24948453608247423,11.489846431117588
4064,55,10.813756014975988,0.27628865979381445,10.813756014975988
4065,2,11.173331224431395,0.2556701030927835,11.173331224431395
4065,29,11.534663369624951,0.25773195876288657,11.534663369624951
4066,62,10.448483215925817,0.2020618556701031,10.448483215925817
4066,12,11.636082822465609,0.30927835051546393,11.636082822465609
4067,48,11.324203648147915,0.1670103092783505,11.324203648147915
4067,11,10.883509004319635,0.29690721649484536,10.883509004319635
4068,7,11.271569525944416,0.27835051546391754,11.271569525944416
4068,40,11.671623348687273,0.25773195876288657,11.671623348687273
4069,68,11.402237127859303,0.2639175257731959,11.402237127859303
4069,4,11.643890823872518,0.27628865979381445,11.643890823872518
4070,79,11.087465543630174,0.2865979381443299,11.087465543630174
4070,91,11.38568217528585,0.31752577319587627,11.38568217528585
4071,79,11.173109440580888,0.3319587628865979,11.173109440580888
4071,38,11.75136756090853,0.22061855670103092,11.75136756090853
4072,11,10.875314105643996,0.2597938144329897,10.875314105643996
4072,35,10.89175070811017,0.24123711340206186,10.89175070811017
4073,73,10.023283362787145,0.27010309278350514,10.023283362787145
4073,48,11.28440070908354,0.24329896907216494,11.28440070908354
4074,49,9.582463272176586,0.18556701030927836,9.582463272176586
4074,92,10.241245410635273,0.2721649484536082,10.241245410635273
4075,49,11.619784227216321,0.29690721649484536,11.619784227216321
4075,82,10.758300801534023,0.22474226804123712,10.758300801534023
4076,1,11.371543630921892,0.30103092783505153,11.371543630921892
4076,12,11.162425572979972,0.28865979381443296,11.162425572979972
4077,54,11.406354172381453,0.2618556701030928,11.406354172381453
4077,36,10.867820374907065,0.30103092783505153,10.867820374907065
4078,55,11.904506612280464,0.2618556701030928,11.904506612280464
4078,99,11.321204865472764,0.19381443298969073,11.321204865472764
4079,41,10.378176460626625,0.2597938144329897,10.378176460626625
4079,49,9.984927011559131,0.35670103092783506,9.984927011559131
4080,100,10.41868657355174,0.27422680412371137,10.41868657355174
4080,65,11.252502306493863,0.2824742268041237,11.252502306493863
4081,17,10.781745184867436,0.27422680412371137,10.781745184867436
4081,60,10.930095425431457,0.2597938144329897,10.930095425431457
4082,63,11.287374190701328,0.2845360824742268,11.287374190701328
4082,24,11.160600117390128,0.20824742268041238,11.160600117390128
4083,58,10.84880727342704,0.2721649484536082,10.84880727342704
4083,29,10.586722193256488,0.2948453608247423,10.586722193256488
4084,92,11.192578721315673,0.2268041237113402,11.192578721315673
4084,82,11.296315400730483,0.2,11.296315400730483
4085,35,11.278441415312884,0.28865979381443296,11.278441415312884
4085,90,11.02884440935585,0.27628865979381445,11.02884440935585
4086,10,10.910423241059059,0.24123711340206186,10.910423241059059
4086,53,11.941746434044964,0.2639175257731959,11.941746434044964
4087,27,10.402735538086013,0.30103092783505153,10.402735538086013
4087,1,11.800689421717674,0.24742268041237114,11.800689421717674
4088,11,9.933636788218237,0.2804123711340206,9.933636788218237
4088,60,10.491748056217455,0.22474226804123712,10.491748056217455
4089,24,10.623093191610081,0.27422680412371137,10.623093191610081
4089,47,10.225764330518583,0.2948453608247423,10.225764330518583
4090,73,10.82663147471149,0.23917525773195877,10.82663147471149
4090,96,11.55846186386608,0.19175257731958764,11.55846186386608
4091,63,10.974872458117812,0.23505154639175257,10.974872458117812
4091,94,10.954796840598076,0.2329896907216495,10.954796840598076
4092,27,11.230201581597992,0.24948453608247423,11.230201581597992
4092,48,10.498109145149959,0.25773195876288657,10.498109145149959
4093,73,11.440919558535937,0.2536082474226804,11.440919558535937
4093,87,11.330990495609482,0.23505154639175257,11.330990495609482
4094,73,11.724805679065716,0.2824742268041237,11.724805679065716
4094,26,11.409898881249553,0.28865979381443296,11.409898881249553
4095,91,11.157608321118543,0.2824742268041237,11.157608321118543
4095,54,10.889135829433473,0.23505154639175257,10.889135829433473
4096,41,11.359960591167058,0.2309278350515464,11.359960591167058
4096,48,10.939698211107931,0.2309278350515464,10.939698211107931
4097,36,10.98045414943034,0.20824742268041238,10.98045414943034
4097,10,11.005845399668203,0.23711340206185566,11.005845399668203
4098,36,11.353755780074863,0.21649484536082475,11.353755780074863
4098,77,10.019032263122968,0.2865979381443299,10.019032263122968
4099,83,11.031865035504271,0.31752577319587627,11.031865035504271
4099,78,10.838828626475772,0.3154639175257732,10.838828626475772
4100,54,10.844742066181581,0.2948453608247423,10.844742066181581
4100,91,10.854054428094035,0.2268041237113402,10.854054428094035
4101,58,9.599250295599767,0.26597938144329897,9.599250295599767
4101,91,10.645469682423416,0.21030927835051547,10.645469682423416
4102,77,11.39942820583254,0.2804123711340206,11.39942820583254
4102,17,11.947709063169345,0.20618556701030927,11.947709063169345
4103,7,10.105870430767194,0.28865979381443296,10.105870430767194
4103,68,10.523101201364364,0.2618556701030928,10.523101201364364
4104,54,11.117454752348324,0.2288659793814433,11.117454752348324
4104,94,10.588626595660424,0.27628865979381445,10.588626595660424
4105,60,10.77504618814285,0.19175257731958764,10.77504618814285
4105,83,11.471446671359626,0.27010309278350514,11.471446671359626
4106,78,11.800402451953696,0.21237113402061855,11.800402451953696
4106,82,9.669831217370138,0.15257731958762888,9.669831217370138
4107,71,10.797347794211214,0.3134020618556701,10.797347794211214
4107,24,10.604740468952853,0.22474226804123712,10.604740468952853
4108,54,11.606720313257464,0.2721649484536082,11.606720313257464
4108,20,11.199591504823047,0.30721649484536084,11.199591504823047
4109,48,11.181109845950072,0.2597938144329897,11.181109845950072
4109,44,10.93570535526927,0.354639175257732,10.93570535526927
4110,91,10.924883910865224,0.26597938144329897,10.924883910865224
4110,42,10.818225086438376,0.27835051546391754,10.818225086438376
4111,26,11.24535527121583,0.1958762886597938,11.24535527121583
4111,45,10.909213376261135,0.22061855670103092,10.909213376261135
4112,11,11.191201935808603,0.24742268041237114,11.191201935808603
4112,24,11.717626551707461,0.2556701030927835,11.717626551707461
4113,80,11.307746159845546,0.21855670103092784,11.307746159845546
4113,12,11.106550804655045,0.26804123711340205,11.106550804655045
4114,60,10.562527331764802,0.24742268041237114,10.562527331764802
4114,44,9.059640210935497,0.2721649484536082,9.059640210935497
4115,29,10.55849620706261,0.2268041237113402,10.55849620706261
4115,63,11.477171293227457,0.21649484536082475,11.477171293227457
4116,47,10.683721705369305,0.21443298969072164,10.683721705369305
4116,90,11.318754669269062,0.21649484536082475,11.318754669269062
4117,62,11.060401531841237,0.2865979381443299,11.060401531841237
4117,10,10.59295284874666,0.21443298969072164,10.59295284874666
4118,100,11.98809754080639,0.2288659793814433,11.98809754080639
4118,37,11.1869400763358,0.19175257731958764,11.1869400763358
4119,2,10.94568450169368,0.3670103092783505,10.94568450169368
4119,87,9.978895148455969,0.38144329896907214,9.978895148455969
4120,37,11.010753651128548,0.2907216494845361,11.010753651128548
4120,11,11.645960036723855,0.24742268041237114,11.645960036723855
4121,49,10.188211216551307,0.23505154639175257,10.188211216551307
4121,2,11.546249136815362,0.21855670103092784,11.546249136815362
4122,82,11.327251024824577,0.24123711340206186,11.327251024824577
4122,29,11.535927499202895,0.27835051546391754,11.535927499202895
4123,38,11.223789657731137,0.21649484536082475,11.223789657731137
4123,81,10.026461337312151,0.2309278350515464,10.026461337312151
4124,60,11.560913143539121,0.32783505154639175,11.560913143539121
4124,41,10.976546904504724,0.24742268041237114,10.976546904504724
4125,44,11.733734105368855,0.2721649484536082,11.733734105368855
4125,31,10.905437662672346,0.22061855670103092,10.905437662672346
4126,47,10.622714950921264,0.2845360824742268,10.622714950921264
4126,92,10.840514160091196,0.23711340206185566,10.840514160091196
4127,71,11.370634394890295,0.2536082474226804,11.370634394890295
4127,12,9.612507788930355,0.29690721649484536,9.612507788930355
4128,7,11.149369548125128,0.21855670103092784,11.149369548125128
4128,71,11.362614110369273,0.2288659793814433,11.362614110369273
4129,94,10.675760158387314,0.25773195876288657,10.675760158387314
4129,93,10.828168450153095,0.2865979381443299,10.828168450153095
4130,10,11.643118266788758,0.32989690721649484,11.643118266788758
4130,41,11.723334562652969,0.23711340206185566,11.723334562652969
4131,87,11.216360487867119,0.21649484536082475,11.216360487867119
4131,77,11.088046279910381,0.2,11.088046279910381
4132,20,10.943021948485068,0.23917525773195877,10.943021948485068
4132,38,11.55175375018098,0.2556701030927835,11.55175375018098
4133,80,11.204443002646164,0.22061855670103092,11.204443002646164
4133,36,11.334241013525457,0.30927835051546393,11.334241013525457
4134,42,11.564844186187003,0.2556701030927835,11.564844186187003
4134,48,8.091826336216442,0.30515463917525776,8.091826336216442
4135,48,11.20245289683932,0.2721649484536082,11.20245289683932
4135,58,11.356313502400988,0.2268041237113402,11.356313502400988
4136,79,10.982494561347895,0.2309278350515464,10.982494561347895
4136,75,10.453608737649105,0.3525773195876289,10.453608737649105
4137,4,10.898029063871336,0.2804123711340206,10.898029063871336
4137,11,10.206991056716806,0.25773195876288657,10.206991056716806
4138,47,11.247255543793239,0.2536082474226804,11.247255543793239
4138,4,11.158318213274454,0.20412371134020618,11.158318213274454
4139,4,11.223485664277261,0.2309278350515464,11.223485664277261
4139,43,10.657629213469935,0.24742268041237114,10.657629213469935
4140,94,11.529151785512575,0.2721649484536082,11.529151785512575
4140,96,11.561399027848369,0.24123711340206186,11.561399027848369
4141,4,10.474282166391173,0.22268041237113403,10.474282166391173
4141,65,11.238542117126732,0.2515463917525773,11.238542117126732
4142,7,11.089823225240728,0.24742268041237114,11.089823225240728
4142,48,8.31988519611018,0.30103092783505153,8.31988519611018
4143,79,8.61219930283745,0.3649484536082474,8.61219930283745
4143,87,11.153742093585556,0.2927835051546392,11.153742093585556
4144,80,11.398154919945805,0.25773195876288657,11.398154919945805
4144,89,10.949769854317132,0.22268041237113403,10.949769854317132
4145,31,11.185013727519555,0.1979381443298969,11.185013727519555
4145,91,11.184714287307411,0.19381443298969073,11.184714287307411
4146,48,11.098864728224147,0.2020618556701031,11.098864728224147
4146,25,11.600565579124495,0.24536082474226803,11.600565579124495
4147,68,11.075388898071068,0.18969072164948453,11.075388898071068
4147,94,11.042410010514216,0.28865979381443296,11.042410010514216
4148,29,11.371306259735048,0.3237113402061856,11.371306259735048
4148,50,10.891644315669446,0.2804123711340206,10.891644315669446
4149,61,11.07421410423184,0.2309278350515464,11.07421410423184
4149,22,11.42832542989017,0.23711340206185566,11.42832542989017
4150,43,11.091468842292997,0.29690721649484536,11.091468842292997
4150,37,10.118985345388444,0.2721649484536082,10.118985345388444
4151,68,10.487934373032195,0.2618556701030928,10.487934373032195
4151,43,11.711689968109347,0.22061855670103092,11.711689968109347
4152,75,11.104766432494282,0.2618556701030928,11.104766432494282
4152,93,11.408258263813172,0.2288659793814433,11.408258263813172
4153,35,10.338090173772247,0.2804123711340206,10.338090173772247
4153,99,11.532394433990945,0.2907216494845361,11.532394433990945
4154,81,11.099487709276112,0.2618556701030928,11.099487709276112
4154,7,11.16810588009142,0.27628865979381445,11.16810588009142
4155,60,11.506559188392677,0.29896907216494845,11.506559188392677
4155,41,11.490873588789805,0.24123711340206186,11.490873588789805
4156,12,10.933510858516108,0.1422680412371134,10.933510858516108
4156,4,10.0742924910708,0.2721649484536082,10.0742924910708
4157,62,10.546971709539365,0.27010309278350514,10.546971709539365
4157,26,10.933698180219729,0.2824742268041237,10.933698180219729
4158,9,11.851448521241958,0.24948453608247423,11.851448521241958
4158,73,11.286388553176586,0.2329896907216495,11.286388553176586
4159,61,11.186990120663902,0.1958762886597938,11.186990120663902
4159,77,10.647134103958944,0.2618556701030928,10.647134103958944
4160,91,10.606716305772913,0.2824742268041237,10.606716305772913
4160,58,10.734922362486111,0.23917525773195877,10.734922362486111
4161,4,10.449414473694333,0.2639175257731959,10.449414473694333
4161,7,11.342024236781187,0.21855670103092784,11.342024236781187
4162,45,10.944476185453158,0.23505154639175257,10.944476185453158
4162,47,11.190312205223044,0.2845360824742268,11.190312205223044
4163,29,11.296291307588742,0.26804123711340205,11.296291307588742
4163,85,10.809876531520683,0.2865979381443299,10.809876531520683
4164,4,11.391942256167006,0.2536082474226804,11.391942256167006
4164,96,10.590577632390863,0.24329896907216494,10.590577632390863
4165,37,11.286689552390994,0.23917525773195877,11.286689552390994
4165,90,11.369346262070854,0.30515463917525776,11.369346262070854
4166,85,11.477946194069379,0.23711340206185566,11.477946194069379
4166,15,10.723972062503622,0.2515463917525773,10.723972062503622
4167,31,11.650700536816867,0.22061855670103092,11.650700536816867
4167,21,10.66072690464915,0.21237113402061855,10.66072690464915
4168,21,10.855260361825842,0.25773195876288657,10.855260361825842
4168,58,11.346925716293727,0.2268041237113402,11.346925716293727
4169,47,9.240164448750557,0.24948453608247423,9.240164448750557
4169,90,11.021623005068289,0.24536082474226803,11.021623005068289
4170,35,11.027281680466475,0.22474226804123712,11.027281680466475
4170,15,11.217590322828444,0.23711340206185566,11.217590322828444
4171,47,8.877144521741323,0.4020618556701031,8.877144521741323
4171,29,11.520593522718253,0.2618556701030928,11.520593522718253
4172,20,11.378563065347741,0.2948453608247423,11.378563065347741
4172,90,10.966010710305957,0.18350515463917524,10.966010710305957
4173,98,11.468638353614482,0.24123711340206186,11.468638353614482
4173,37,11.978762735549502,0.30515463917525776,11.978762735549502
4174,68,11.109709823191258,0.3134020618556701,11.109709823191258
4174,48,11.062593700587021,0.27835051546391754,11.062593700587021
4175,49,11.802748098764985,0.2927835051546392,11.802748098764985
4175,12,9.598199390030125,0.2927835051546392,9.598199390030125
4176,45,11.161580238845369,0.28865979381443296,11.161580238845369
4176,68,11.385297664529629,0.2804123711340206,11.385297664529629
4177,79,10.019881664118097,0.23711340206185566,10.019881664118097
4177,77,10.889040168411867,0.2597938144329897,10.889040168411867
4178,47,12.004764392273009,0.21649484536082475,12.004764392273009
4178,81,10.787495308329762,0.22268041237113403,10.787495308329762
4179,4,11.116546398340407,0.3030927835051546,11.116546398340407
4179,8,11.58405955432185,0.30103092783505153,11.58405955432185
4180,25,11.24193789646746,0.2268041237113402,11.24193789646746
4180,97,10.997637225484027,0.30927835051546393,10.997637225484027
4181,73,11.683623425489554,0.24948453608247423,11.683623425489554
4181,82,10.659925620234983,0.2,10.659925620234983
4182,61,10.876553183792645,0.3030927835051546,10.876553183792645
4182,63,10.98875028045901,0.2288659793814433,10.98875028045901
4183,81,11.641706294501667,0.30103092783505153,11.641706294501667
4183,85,10.831458021450143,0.29896907216494845,10.831458021450143
4184,70,11.143103840048562,0.24329896907216494,11.143103840048562
4184,49,11.078212888035276,0.26597938144329897,11.078212888035276
4185,82,11.205791074778311,0.27422680412371137,11.205791074778311
4185,20,11.044110872983142,0.21649484536082475,11.044110872983142
4186,77,11.136476299285592,0.16494845360824742,11.136476299285592
4186,60,11.177247790561307,0.21649484536082475,11.177247790561307
4187,62,11.517905540249386,0.27422680412371137,11.517905540249386
4187,70,9.270431002666838,0.24742268041237114,9.270431002666838
4188,35,10.383842405863053,0.3030927835051546,10.383842405863053
4188,60,11.114631665009151,0.26804123711340205,11.114631665009151
4189,20,11.183603290268643,0.1979381443298969,11.183603290268643
4189,16,10.984861733604179,0.23917525773195877,10.984861733604179
4190,50,11.506111355690303,0.2845360824742268,11.506111355690303
4190,10,11.85150283489059,0.2824742268041237,11.85150283489059
4191,97,10.510439405095976,0.33814432989690724,10.510439405095976
4191,77,10.561271534443632,0.30515463917525776,10.561271534443632
4192,38,10.594431960248302,0.2824742268041237,10.594431960248302
4192,67,12.033646296311549,0.2329896907216495,12.033646296311549
4193,61,11.401950118210001,0.2536082474226804,11.401950118210001
4193,48,11.87776906984569,0.24948453608247423,11.87776906984569
4194,25,11.141545924320347,0.22474226804123712,11.141545924320347
4194,62,11.377474781261835,0.30721649484536084,11.377474781261835
4195,26,11.156402381284053,0.2536082474226804,11.156402381284053
4195,4,11.127299132873512,0.21443298969072164,11.127299132873512
4196,16,10.714432521067627,0.2865979381443299,10.714432521067627
4196,2,11.403710943984937,0.2515463917525773,11.403710943984937
4197,77,11.829126771019865,0.2721649484536082,11.829126771019865
4197,96,11.314041142331833,0.2639175257731959,11.314041142331833
4198,92,11.257086081670018,0.2329896907216495,11.257086081670018
4198,90,10.690550158160379,0.30515463917525776,10.690550158160379
4199,1,9.903575538365406,0.2309278350515464,9.903575538365406
4199,39,10.888835583530335,0.19381443298969073,10.888835583530335
4200,12,12.278222735162597,0.2824742268041237,12.278222735162597
4200,16,11.6755310190529,0.33608247422680415,11.6755310190529
4201,39,9.79202089180395,0.3154639175257732,9.79202089180395
4201,16,11.126189955790117,0.27010309278350514,11.126189955790117
4202,97,11.033174636080965,0.2865979381443299,11.033174636080965
4202,63,11.271395039602153,0.28865979381443296,11.271395039602153
4203,45,9.82230628207444,0.22474226804123712,9.82230628207444
4203,29,11.175024972408032,0.29690721649484536,11.175024972408032
4204,89,10.1184139256171,0.2618556701030928,10.1184139256171
4204,92,11.983692567026809,0.24536082474226803,11.983692567026809
4205,91,11.268264450034403,0.24329896907216494,11.268264450034403
4205,87,11.254392780267395,0.27010309278350514,11.254392780267395
4206,21,9.72461077523025,0.3216494845360825,9.72461077523025
4206,25,10.31883675497393,0.2824742268041237,10.31883675497393
4207,89,11.069683934447827,0.24742268041237114,11.069683934447827
4207,35,11.4511885465789,0.21855670103092784,11.4511885465789
4208,39,11.217394443477335,0.22268041237113403,11.217394443477335
4208,61,11.199742696738335,0.2536082474226804,11.199742696738335
4209,91,11.58656999737813,0.27422680412371137,11.58656999737813
4209,50,11.044119554060938,0.26597938144329897,11.044119554060938
4210,89,10.29337480180842,0.30103092783505153,10.29337480180842
4210,41,11.112112716379263,0.2927835051546392,11.112112716379263
4211,49,9.517125772207718,0.27010309278350514,9.517125772207718
4211,26,11.47766745513761,0.20618556701030927,11.47766745513761
4212,75,11.804167638282753,0.21649484536082475,11.804167638282753
4212,61,11.400901390380266,0.23711340206185566,11.400901390380266
4213,82,10.653933109611382,0.2865979381443299,10.653933109611382
4213,87,10.903163643003513,0.2515463917525773,10.903163643003513
4214,89,11.894926910146438,0.3134020618556701,11.894926910146438
4214,4,11.38969677999016,0.27835051546391754,11.38969677999016
4215,28,10.959357921144614,0.24948453608247423,10.959357921144614
4215,46,11.261079977179115,0.24329896907216494,11.261079977179115
4216,20,10.85510663851238,0.27835051546391754,10.85510663851238
4216,81,11.261300356959739,0.2948453608247423,11.261300356959739
4217,4,11.655452495594844,0.28865979381443296,11.655452495594844
4217,91,10.64522047658392,0.24742268041237114,10.64522047658392
4218,54,11.402817335200524,0.24536082474226803,11.402817335200524
4218,73,11.552758062137237,0.2845360824742268,11.552758062137237
4219,87,10.850077346591245,0.27628865979381445,10.850077346591245
4219,97,10.964479215996528,0.20824742268041238,10.964479215996528
4220,87,10.783500041819154,0.23711340206185566,10.783500041819154
4220,98,11.296992539927802,0.2515463917525773,11.296992539927802
4221,45,11.465122594223233,0.24948453608247423,11.465122594223233
4221,82,11.002382962763098,0.22268041237113403,11.002382962763098
4222,97,10.055058571594175,0.2515463917525773,10.055058571594175
4222,2,10.924088709895173,0.32577319587628867,10.924088709895173
4223,58,11.233270061535874,0.24536082474226803,11.233270061535874
4223,64,9.944430678502998,0.24948453608247423,9.944430678502998
4224,63,11.06785177377338,0.27422680412371137,11.06785177377338
4224,78,11.19877344204066,0.2556701030927835,11.19877344204066
4225,60,8.35114693586114,0.2948453608247423,8.35114693586114
4225,73,11.271324340184615,0.2639175257731959,11.271324340184615
4226,64,10.272155076255679,0.2597938144329897,10.272155076255679
4226,65,11.188744482627307,0.22061855670103092,11.188744482627307
4227,97,10.176240159368874,0.2804123711340206,10.176240159368874
4227,80,11.255426119991439,0.2515463917525773,11.255426119991439
4228,49,9.80613184642628,0.2865979381443299,9.80613184642628
4228,38,10.923258488918947,0.2556701030927835,10.923258488918947
4229,94,10.90946280172535,0.2,10.90946280172535
4229,73,10.771873246318076,0.2639175257731959,10.771873246318076
4230,50,9.718727993193017,0.3154639175257732,9.718727993193017
4230,65,10.891196251900553,0.30927835051546393,10.891196251900553
4231,25,11.491911755036995,0.28865979381443296,11.491911755036995
4231,90,11.098896987005228,0.23917525773195877,11.098896987005228
4232,1,10.805476603056407,0.24123711340206186,10.805476603056407
4232,58,10.923503825824472,0.2515463917525773,10.923503825824472
4233,70,11.72097532906147,0.18556701030927836,11.72097532906147
4233,16,11.19819499508945,0.2845360824742268,11.19819499508945
4234,94,11.51292122411243,0.25773195876288657,11.51292122411243
4234,83,10.74470323702166,0.31752577319587627,10.74470323702166
4235,21,10.012457778730612,0.2597938144329897,10.012457778730612
4235,87,10.790238337178382,0.24742268041237114,10.790238337178382
4236,28,9.240242712592268,0.2804123711340206,9.240242712592268
4236,98,10.956699714189831,0.2948453608247423,10.956699714189831
4237,87,11.612881908827418,0.2865979381443299,11.612881908827418
4237,68,11.100864295623285,0.22061855670103092,11.100864295623285
4238,38,9.771146118184543,0.2597938144329897,9.771146118184543
4238,78,11.90312761022932,0.2020618556701031,11.90312761022932
4239,50,11.133601435700829,0.21237113402061855,11.133601435700829
4239,58,11.342042548549362,0.2824742268041237,11.342042548549362
4240,91,11.390834440286588,0.2907216494845361,11.390834440286588
4240,7,11.62829063831214,0.28865979381443296,11.62829063831214
4241,83,11.446319216528124,0.35051546391752575,11.446319216528124
4241,96,11.405248289237202,0.21649484536082475,11.405248289237202
4242,49,9.934138127084294,0.2618556701030928,9.934138127084294
4242,90,10.322372775490557,0.3030927835051546,10.322372775490557
4243,98,11.464912150208335,0.2329896907216495,11.464912150208335
4243,99,11.404802246114778,0.1979381443298969,11.404802246114778
4244,11,11.27280411194987,0.18144329896907216,11.27280411194987
4244,20,10.162782853570729,0.2948453608247423,10.162782853570729
4245,2,8.71185878086401,0.2927835051546392,8.71185878086401
4245,93,11.457552797266638,0.2845360824742268,11.457552797266638
4246,49,11.686754870425835,0.30721649484536084,11.686754870425835
4246,11,11.733043427649926,0.25773195876288657,11.733043427649926
4247,29,11.869023286425568,0.24329896907216494,11.869023286425568
4247,99,11.099464278936043,0.30103092783505153,11.099464278936043
4248,73,11.41638363076515,0.26597938144329897,11.41638363076515
4248,70,10.749857165589656,0.24742268041237114,10.749857165589656
4249,28,11.509800440546174,0.27835051546391754,11.509800440546174
4249,68,11.438860773105734,0.2597938144329897,11.438860773105734
4250,85,11.603417060802482,0.32577319587628867,11.603417060802482
4250,16,11.444054130482074,0.30927835051546393,11.444054130482074
4251,1,10.425617903911391,0.29690721649484536,10.425617903911391
4251,41,11.201185683776481,0.2556701030927835,11.201185683776481
4252,98,10.28989063854983,0.27010309278350514,10.28989063854983
4252,40,10.975198983606242,0.2618556701030928,10.975198983606242
4253,73,11.4447345816678,0.24742268041237114,11.4447345816678
4253,49,11.374888731058826,0.2721649484536082,11.374888731058826
4254,21,11.356180178339931,0.2845360824742268,11.356180178339931
4254,27,10.779402312899254,0.24742268041237114,10.779402312899254
4255,71,11.001862971542431,0.2309278350515464,11.001862971542431
4255,25,11.285023824074916,0.26804123711340205,11.285023824074916
4256,20,11.754930814571525,0.2721649484536082,11.754930814571525
4256,15,8.480671753781204,0.311340206185567,8.480671753781204
4257,97,10.528903096255444,0.22061855670103092,10.528903096255444
4257,8,7.221140756621623,0.28865979381443296,7.221140756621623
4258,40,9.40570129376741,0.24123711340206186,9.40570129376741
4258,83,11.377548972864224,0.2288659793814433,11.377548972864224
4259,38,11.447825673215013,0.2268041237113402,11.447825673215013
4259,4,11.403793536848799,0.2618556701030928,11.403793536848799
4260,70,11.35381984126461,0.21649484536082475,11.35381984126461
4260,14,10.5284609682011,0.24742268041237114,10.5284609682011
4261,79,11.656751019994523,0.29896907216494845,11.656751019994523
4261,98,11.555003550332783,0.2556701030927835,11.555003550332783
4262,15,9.656811194379529,0.32577319587628867,9.656811194379529
4262,36,11.939088378722294,0.2639175257731959,11.939088378722294
4263,60,9.241302739429505,0.20824742268041238,9.241302739429505
4263,68,10.975533542307348,0.2597938144329897,10.975533542307348
4264,40,10.00214829451817,0.2556701030927835,10.00214829451817
4264,16,11.493319990618913,0.2597938144329897,11.493319990618913
4265,8,11.270867675140208,0.23917525773195877,11.270867675140208
4265,81,11.811457513123665,0.2804123711340206,11.811457513123665
4266,82,10.488561072614088,0.24329896907216494,10.488561072614088
4266,94,11.021285953561323,0.22474226804123712,11.021285953561323
4267,15,11.989007921053114,0.2907216494845361,11.989007921053114
4267,40,10.601297337259101,0.22474226804123712,10.601297337259101
4268,50,11.394740046999074,0.2597938144329897,11.394740046999074
4268,26,11.717329671294449,0.18762886597938144,11.717329671294449
4269,82,10.792789211362798,0.28865979381443296,10.792789211362798
4269,14,11.620163093407118,0.22061855670103092,11.620163093407118
4270,39,10.888576617779549,0.2804123711340206,10.888576617779549
4270,85,11.130419355496715,0.23505154639175257,11.130419355496715
4271,2,11.556943269756065,0.2556701030927835,11.556943269756065
4271,64,10.925459266050648,0.24742268041237114,10.925459266050648
4272,41,11.066747247268205,0.2329896907216495,11.066747247268205
4272,8,10.462752123949338,0.2556701030927835,10.462752123949338
4273,40,10.91998299805708,0.22474226804123712,10.91998299805708
4273,50,11.298980144490104,0.2927835051546392,11.298980144490104
4274,39,11.452846365043152,0.21855670103092784,11.452846365043152
4274,4,10.490944442712426,0.24742268041237114,10.490944442712426
4275,97,10.362511015154505,0.2288659793814433,10.362511015154505
4275,70,11.022931779602574,0.2845360824742268,11.022931779602574
4276,41,10.626647978548673,0.2288659793814433,10.626647978548673
4276,80,11.797252828851816,0.26597938144329897,11.797252828851816
4277,58,10.722650690462082,0.24948453608247423,10.722650690462082
4277,29,11.10843922848965,0.2268041237113402,11.10843922848965
4278,29,11.362762075244506,0.2,11.362762075244506
4278,46,11.594028995845264,0.2927835051546392,11.594028995845264
4279,94,10.931168100394675,0.27628865979381445,10.931168100394675
4279,73,11.269641630736938,0.24948453608247423,11.269641630736938
4280,8,11.382663743065066,0.2721649484536082,11.382663743065066
4280,65,11.54262025658549,0.30515463917525776,11.54262025658549
4281,60,12.0620778216676,0.2597938144329897,12.0620778216676
4281,39,9.651946580016565,0.26804123711340205,9.651946580016565
4282,90,10.88196581505546,0.2845360824742268,10.88196581505546
4282,94,11.434460539714015,0.24123711340206186,11.434460539714015
4283,93,10.567093021338334,0.26597938144329897,10.567093021338334
4283,28,11.00280338253292,0.2845360824742268,11.00280338253292
4284,1,10.163303630608459,0.30721649484536084,10.163303630608459
4284,42,11.755622366653352,0.26597938144329897,11.755622366653352
4285,73,10.815560977864953,0.2329896907216495,10.815560977864953
4285,49,11.487628401242137,0.30515463917525776,11.487628401242137
4286,28,11.24377774465038,0.27010309278350514,11.24377774465038
4286,83,11.281426155826756,0.3525773195876289,11.281426155826756
4287,97,11.577441769208988,0.22474226804123712,11.577441769208988
4287,54,10.82288232334601,0.23917525773195877,10.82288232334601
4288,4,11.219416215245413,0.30103092783505153,11.219416215245413
4288,41,9.284045218166964,0.5876288659793815,9.284045218166964
4289,64,10.128746247333408,0.3237113402061856,10.128746247333408
4289,21,10.659105834992893,0.24123711340206186,10.659105834992893
4290,63,11.383653548880517,0.2618556701030928,11.383653548880517
4290,50,11.815698035264496,0.2515463917525773,11.815698035264496
4291,39,11.784522921675208,0.29896907216494845,11.784522921675208
4291,45,10.058284432177688,0.2618556701030928,10.058284432177688
4292,62,11.416378760390833,0.24742268041237114,11.416378760390833
4292,7,10.362712498487975,0.2288659793814433,10.362712498487975
4293,54,11.342534325176047,0.2597938144329897,11.342534325176047
4293,83,11.586019622201944,0.22268041237113403,11.586019622201944
4294,73,11.404975879163723,0.30103092783505153,11.404975879163723
4294,68,10.731385510926273,0.2845360824742268,10.731385510926273
4295,7,10.959246882690005,0.2288659793814433,10.959246882690005
4295,27,11.321722132852983,0.24742268041237114,11.321722132852983
4296,31,11.754956025645837,0.21237113402061855,11.754956025645837
4296,13,12.130583652372954,0.2020618556701031,12.130583652372954
4297,94,11.467959297948745,0.2597938144329897,11.467959297948745
4297,97,9.93772404095933,0.29690721649484536,9.93772404095933
4298,45,10.72436367106439,0.27422680412371137,10.72436367106439
4298,64,11.439972836522973,0.2927835051546392,11.439972836522973
4299,96,11.124269948235225,0.2536082474226804,11.124269948235225
4299,94,11.378739708444622,0.22474226804123712,11.378739708444622
4300,93,11.143910662844682,0.2288659793814433,11.143910662844682
4300,4,10.815438708772168,0.2556701030927835,10.815438708772168
4301,16,11.210370039241424,0.2309278350515464,11.210370039241424
4301,80,10.510491861293085,0.3134020618556701,10.510491861293085
4302,22,11.206344841730054,0.20618556701030927,11.206344841730054
4302,24,11.317116566427568,0.1979381443298969,11.317116566427568
4303,7,10.112499102933189,0.24329896907216494,10.112499102933189
4303,54,10.973888428325129,0.2597938144329897,10.973888428325129
4304,29,11.088340090140319,0.24948453608247423,11.088340090140319
4304,11,10.613281150715704,0.3154639175257732,10.613281150715704
4305,38,11.488338094102719,0.2536082474226804,11.488338094102719
4305,79,11.899626379599063,0.23711340206185566,11.899626379599063
4306,71,11.046913334225438,0.21030927835051547,11.046913334225438
4306,16,11.59350509930372,0.2618556701030928,11.59350509930372
4307,1,11.22734839638106,0.2824742268041237,11.22734839638106
4307,11,11.12236453850765,0.2536082474226804,11.12236453850765
4308,46,11.612892871423433,0.26597938144329897,11.612892871423433
4308,44,10.673193059868021,0.2288659793814433,10.673193059868021
4309,97,11.36929074404156,0.2536082474226804,11.36929074404156
4309,24,11.650564018791837,0.24536082474226803,11.650564018791837
4310,96,9.708618271213686,0.22268041237113403,9.708618271213686
4310,85,10.227319888764942,0.2329896907216495,10.227319888764942
4311,91,11.43798929573664,0.25773195876288657,11.43798929573664
4311,65,11.371249388291986,0.30103092783505153,11.371249388291986
4312,41,11.646387392522218,0.2515463917525773,11.646387392522218
4312,1,11.136699776356036,0.20412371134020618,11.136699776356036
4313,44,11.007764541143738,0.26597938144329897,11.007764541143738
4313,70,11.415508743669736,0.2845360824742268,11.415508743669736
4314,64,10.503454919222811,0.30927835051546393,10.503454919222811
4314,52,9.623968973396291,0.3134020618556701,9.623968973396291
4315,28,11.872200068524977,0.23711340206185566,11.872200068524977
4315,19,11.124495056501281,0.2288659793814433,11.124495056501281
4316,44,10.51899062550832,0.29690721649484536,10.51899062550832
4316,81,11.295523892337043,0.21237113402061855,11.295523892337043
4317,71,11.053387481846924,0.24948453608247423,11.053387481846924
4317,11,11.395070884816857,0.30515463917525776,11.395070884816857
4318,97,11.295928435331154,0.2927835051546392,11.295928435331154
4318,61,11.723417770769657,0.2639175257731959,11.723417770769657
4319,90,11.192974939530245,0.16288659793814433,11.192974939530245
4319,8,10.820484867332125,0.29896907216494845,10.820484867332125
4320,94,11.1522649184642,0.2515463917525773,11.1522649184642
4320,77,11.329695208348461,0.24742268041237114,11.329695208348461
4321,58,10.966887214955088,0.2515463917525773,10.966887214955088
4321,94,10.734260662038196,0.30927835051546393,10.734260662038196
4322,63,11.40831809139115,0.22061855670103092,11.40831809139115
4322,43,10.070738938859614,0.2927835051546392,10.070738938859614
4323,45,10.695729755046196,0.27835051546391754,10.695729755046196
4323,1,11.892348507721243,0.2865979381443299,11.892348507721243
4324,42,11.26334310312824,0.21237113402061855,11.26334310312824
4324,9,10.824766054813729,0.28865979381443296,10.824766054813729
4325,43,11.640131974582985,0.2536082474226804,11.640131974582985
4325,64,10.903824274064636,0.20412371134020618,10.903824274064636
4326,52,11.196828028003127,0.2268041237113402,11.196828028003127
4326,85,11.72329732252848,0.2721649484536082,11.72329732252848
4327,61,10.292286383316906,0.2556701030927835,10.292286383316906
4327,72,10.979433303863058,0.24329896907216494,10.979433303863058
4328,54,11.432529699404688,0.18762886597938144,11.432529699404688
4328,88,10.775144218083254,0.2,10.775144218083254
4329,68,11.558185964883517,0.21237113402061855,11.558185964883517
4329,70,11.658655753403716,0.23505154639175257,11.658655753403716
4330,8,11.221545477181754,0.30927835051546393,11.221545477181754
4330,65,10.87124900771154,0.2865979381443299,10.87124900771154
4331,96,11.268260417702804,0.24123711340206186,11.268260417702804
4331,9,11.136319543954702,0.2020618556701031,11.136319543954702
4332,9,11.432598374283353,0.2907216494845361,11.432598374283353
4332,11,11.405033137013607,0.21237113402061855,11.405033137013607
4333,25,11.895536163559091,0.29690721649484536,11.895536163559091
4333,63,10.832328382509514,0.23917525773195877,10.832328382509514
4334,80,11.948363000187653,0.21649484536082475,11.948363000187653
4334,22,11.564397819432395,0.1958762886597938,11.564397819432395
4335,82,10.850450746337215,0.2,10.850450746337215
4335,90,10.522293283825496,0.27835051546391754,10.522293283825496
4336,82,9.44822413330043,0.29690721649484536,9.44822413330043
4336,65,11.600607437636798,0.29690721649484536,11.600607437636798
4337,35,11.627412027407846,0.23917525773195877,11.627412027407846
4337,98,10.90527323878344,0.23711340206185566,10.90527323878344
4338,98,11.283193270951067,0.27628865979381445,11.283193270951067
4338,11,10.85602895794705,0.311340206185567,10.85602895794705
4339,10,10.412266150192416,0.2309278350515464,10.412266150192416
4339,78,10.038964193663688,0.24123711340206186,10.038964193663688
4340,72,12.031013169642272,0.21855670103092784,12.031013169642272
4340,52,11.543408766740418,0.21237113402061855,11.543408766740418
4341,61,10.720219140660076,0.22061855670103092,10.720219140660076
4341,64,11.104901754532612,0.22268041237113403,11.104901754532612
4342,77,11.788222248421484,0.2556701030927835,11.788222248421484
4342,73,11.21538705201168,0.24329896907216494,11.21538705201168
4343,44,11.789928102288814,0.2556701030927835,11.789928102288814
4343,88,11.00781964275093,0.22061855670103092,11.00781964275093
4344,26,9.98613083137098,0.2597938144329897,9.98613083137098
4344,33,10.346709869887437,0.23917525773195877,10.346709869887437
4345,40,11.53006868389621,0.2907216494845361,11.53006868389621
4345,99,11.32342747886548,0.27835051546391754,11.32342747886548
4346,26,11.556279153545457,0.27422680412371137,11.556279153545457
4346,40,11.282999595425872,0.23711340206185566,11.282999595425872
4347,33,11.116342309732577,0.18762886597938144,11.116342309732577
4347,59,10.70608700354321,0.22268041237113403,10.70608700354321
4348,54,11.53928383818391,0.21030927835051547,11.53928383818391
4348,50,10.12499702440787,0.27422680412371137,10.12499702440787
4349,7,11.033212626117212,0.2948453608247423,11.033212626117212
4349,45,10.55273275714768,0.2309278350515464,10.55273275714768
4350,19,10.930463072909255,0.23505154639175257,10.930463072909255
4350,48,10.991928273096637,0.2288659793814433,10.991928273096637
4351,63,10.61036297186833,0.2597938144329897,10.61036297186833
4351,97,11.03450465525607,0.2824742268041237,11.03450465525607
4352,63,10.435471264070275,0.24948453608247423,10.435471264070275
4352,19,11.026347509188861,0.25773195876288657,11.026347509188861
4353,64,10.887832369969281,0.21237113402061855,10.887832369969281
4353,35,9.718349299045329,0.29896907216494845,9.718349299045329
4354,63,10.25173396321364,0.26804123711340205,10.25173396321364
4354,81,11.317886714674534,0.2329896907216495,11.317886714674534
4355,4,11.134627867501111,0.2536082474226804,11.134627867501111
4355,33,11.586312867941059,0.24329896907216494,11.586312867941059
4356,42,11.419707752556215,0.2268041237113402,11.419707752556215
4356,62,11.298106564446133,0.1958762886597938,11.298106564446133
4357,78,11.02444091796971,0.2288659793814433,11.02444091796971
4357,61,11.293804781838563,0.24123711340206186,11.293804781838563
4358,10,11.62748571624744,0.2865979381443299,11.62748571624744
4358,97,11.176845149667274,0.2268041237113402,11.176845149667274
4359,96,11.514106750151951,0.2618556701030928,11.514106750151951
4359,81,7.916256434056259,0.2927835051546392,7.916256434056259
4360,4,11.03473056739243,0.2515463917525773,11.03473056739243
4360,24,11.544001696516597,0.23711340206185566,11.544001696516597
4361,85,10.614460662501378,0.24123711340206186,10.614460662501378
4361,30,11.065288716206437,0.23917525773195877,11.065288716206437
4362,11,11.721011383173117,0.23711340206185566,11.721011383173117
4362,8,11.713067619004558,0.21443298969072164,11.713067619004558
4363,4,9.969274187647688,0.2948453608247423,9.969274187647688
4363,61,11.179640518902273,0.2907216494845361,11.179640518902273
4364,82,10.725377585516064,0.2845360824742268,10.725377585516064
4364,83,11.498783507784713,0.25773195876288657,11.498783507784713
4365,45,11.061276737253513,0.2515463917525773,11.061276737253513
4365,29,11.912007878251705,0.21649484536082475,11.912007878251705
4366,59,8.439854995276074,0.27835051546391754,8.439854995276074
4366,40,11.020830448722425,0.21649484536082475,11.020830448722425
4367,50,11.710640826681606,0.21237113402061855,11.710640826681606
4367,45,11.316492172466424,0.2804123711340206,11.316492172466424
4368,24,10.124955741839786,0.27010309278350514,10.124955741839786
4368,79,11.544102370190837,0.2309278350515464,11.544102370190837
4369,88,10.139062252678466,0.21443298969072164,10.139062252678466
4369,19,11.106967495694713,0.2268041237113402,11.106967495694713
4370,62,11.835775123574562,0.26597938144329897,11.835775123574562
4370,68,10.917290617375807,0.23711340206185566,10.917290617375807
4371,17,11.622281765129179,0.20824742268041238,11.622281765129179
4371,76,11.667146776629458,0.2536082474226804,11.667146776629458
4372,97,10.346540740865008,0.311340206185567,10.346540740865008
4372,38,10.379576764352759,0.19381443298969073,10.379576764352759
4373,94,10.90475272418861,0.34845360824742266,10.90475272418861
4373,93,11.322997087051421,0.2515463917525773,11.322997087051421
4374,82,10.717328168256138,0.30103092783505153,10.717328168256138
4374,30,10.79087199226381,0.2329896907216495,10.79087199226381
4375,48,11.95538434988798,0.24123711340206186,11.95538434988798
4375,2,10.920982276615248,0.21030927835051547,10.920982276615248
4376,38,11.179892074263375,0.26597938144329897,11.179892074263375
4376,94,11.226946543731717,0.2824742268041237,11.226946543731717
4377,54,10.80052748350631,0.3216494845360825,10.80052748350631
4377,16,11.076520953568444,0.24329896907216494,11.076520953568444
4378,98,11.989637995589112,0.2845360824742268,11.989637995589112
4378,22,9.327672542952168,0.32577319587628867,9.327672542952168
4379,24,10.935818717482904,0.23917525773195877,10.935818717482904
4379,99,11.14313620401765,0.2597938144329897,11.14313620401765
4380,68,10.414141989802815,0.2804123711340206,10.414141989802815
4380,38,11.283396052859025,0.30103092783505153,11.283396052859025
4381,71,10.805869894509144,0.2845360824742268,10.805869894509144
4381,99,11.357715114697154,0.2639175257731959,11.357715114697154
4382,22,11.466644154336697,0.27835051546391754,11.466644154336697
4382,64,11.52110756026204,0.27010309278350514,11.52110756026204
4383,35,11.188044942970604,0.30927835051546393,11.188044942970604
4383,68,11.071595614283655,0.2948453608247423,11.071595614283655
4384,82,11.853127928332599,0.2927835051546392,11.853127928332599
4384,30,11.946433376115756,0.23917525773195877,11.946433376115756
4385,24,10.98586475006916,0.19381443298969073,10.98586475006916
4385,78,11.343673764355058,0.20618556701030927,11.343673764355058
4386,73,11.108996155452045,0.21855670103092784,11.108996155452045
4386,99,11.214695571904702,0.28865979381443296,11.214695571904702
4387,88,11.070998857709455,0.24742268041237114,11.070998857709455
4387,94,11.605816941726069,0.31958762886597936,11.605816941726069
4388,61,10.768542379746018,0.27010309278350514,10.768542379746018
4388,46,10.731654158435804,0.25773195876288657,10.731654158435804
4389,90,11.293116263363999,0.21237113402061855,11.293116263363999
4389,61,10.760625888002282,0.23505154639175257,10.760625888002282
4390,46,11.0539059576421,0.24948453608247423,11.0539059576421
4390,71,9.45392105354874,0.32783505154639175,9.45392105354874
4391,97,11.160140968676028,0.30721649484536084,11.160140968676028
4391,24,10.842030418677153,0.26597938144329897,10.842030418677153
4392,2,10.971250341274613,0.22268041237113403,10.971250341274613
4392,22,11.256727761976459,0.22061855670103092,11.256727761976459
4393,9,11.368940329148433,0.18969072164948453,11.368940329148433
4393,17,11.306010113207591,0.18762886597938144,11.306010113207591
4394,59,11.511354568406135,0.24329896907216494,11.511354568406135
4394,7,11.833206206438222,0.23917525773195877,11.833206206438222
4395,8,10.89783992490415,0.2329896907216495,10.89783992490415
4395,82,11.311252836697587,0.22061855670103092,11.311252836697587
4396,91,11.931848340791674,0.23711340206185566,11.931848340791674
4396,41,12.308894303540804,0.22061855670103092,12.308894303540804
4397,85,9.713370192150485,0.2536082474226804,9.713370192150485
4397,22,10.66746678913934,0.23505154639175257,10.66746678913934
4398,21,11.308959463431904,0.24742268041237114,11.308959463431904
4398,93,11.077304502985953,0.21443298969072164,11.077304502985953
4399,81,11.533681958721917,0.22268041237113403,11.533681958721917
4399,58,11.796850451021903,0.23711340206185566,11.796850451021903
4400,88,10.203300095989231,0.27422680412371137,10.203300095989231
4400,38,9.590696563917627,0.26597938144329897,9.590696563917627
4401,9,11.35501844845035,0.24948453608247423,11.35501844845035
4401,94,11.277685061396758,0.22061855670103092,11.277685061396758
4402,54,10.581233529347932,0.29690721649484536,10.581233529347932
4402,24,11.643838821722065,0.29896907216494845,11.643838821722065
4403,38,12.031995438722097,0.2288659793814433,12.031995438722097
4403,85,10.578584974028608,0.24123711340206186,10.578584974028608
4404,61,11.238707293646877,0.30103092783505153,11.238707293646877
4404,79,10.757397587645565,0.24536082474226803,10.757397587645565
4405,82,10.945569204793939,0.26804123711340205,10.945569204793939
4405,7,11.623700573003164,0.21237113402061855,11.623700573003164
4406,4,11.568975087225974,0.20618556701030927,11.568975087225974
4406,35,11.85403073647706,0.21649484536082475,11.85403073647706
4407,63,11.329198000819954,0.21443298969072164,11.329198000819954
4407,17,11.28029268866858,0.21237113402061855,11.28029268866858
4408,59,11.952644045454868,0.33814432989690724,11.952644045454868
4408,76,11.040628681543312,0.19175257731958764,11.040628681543312
4409,40,11.45034255913657,0.22268041237113403,11.45034255913657
4409,36,11.213906138808653,0.2020618556701031,11.213906138808653
4410,49,11.395486940468741,0.24742268041237114,11.395486940468741
4410,10,11.8183633619403,0.1979381443298969,11.8183633619403
4411,68,10.979641778157433,0.34845360824742266,10.979641778157433
4411,81,10.049590766629493,0.30515463917525776,10.049590766629493
4412,88,11.719389114067559,0.2556701030927835,11.719389114067559
4412,76,10.382226059713892,0.2536082474226804,10.382226059713892
4413,99,10.928526990671555,0.2804123711340206,10.928526990671555
4413,49,11.22729895656795,0.30515463917525776,11.22729895656795
4414,81,11.907423088624256,0.2,11.907423088624256
4414,27,10.196614638780792,0.2515463917525773,10.196614638780792
4415,19,11.503355914031157,0.2597938144329897,11.503355914031157
4415,58,11.682726460859786,0.2556701030927835,11.682726460859786
4416,2,11.284338270722673,0.32989690721649484,11.284338270722673
4416,63,11.107962312414196,0.2865979381443299,11.107962312414196
4417,16,11.151807254526759,0.24742268041237114,11.151807254526759
4417,63,10.75730689841371,0.2948453608247423,10.75730689841371
4418,22,8.80777896369964,0.34845360824742266,8.80777896369964
4418,8,11.575085821497588,0.2721649484536082,11.575085821497588
4419,79,10.724841064625906,0.20618556701030927,10.724841064625906
4419,52,11.334201373786232,0.2639175257731959,11.334201373786232
4420,49,11.45554465500605,0.2597938144329897,11.45554465500605
4420,51,12.404241075828429,0.1979381443298969,12.404241075828429
4421,46,9.934776163697645,0.3030927835051546,9.934776163697645
4421,2,9.681587728758839,0.38556701030927837,9.681587728758839
4422,76,10.678398723986177,0.23711340206185566,10.678398723986177
4422,14,10.876422728450564,0.2268041237113402,10.876422728450564
4423,50,11.440572066515145,0.2268041237113402,11.440572066515145
4423,88,11.562584283605746,0.2824742268041237,11.562584283605746
4424,71,11.576466507889092,0.2804123711340206,11.576466507889092
4424,75,11.178417804666365,0.2536082474226804,11.178417804666365
4425,63,11.472939224604174,0.20618556701030927,11.472939224604174
4425,93,11.205616745635092,0.22061855670103092,11.205616745635092
4426,99,10.690970111508832,0.2309278350515464,10.690970111508832
4426,73,11.144106867036541,0.21649484536082475,11.144106867036541
4427,2,11.059696994137244,0.23917525773195877,11.059696994137244
4427,16,10.989624435609374,0.2804123711340206,10.989624435609374
4428,97,11.369776891037175,0.2536082474226804,11.369776891037175
4428,90,11.628441994524522,0.2907216494845361,11.628441994524522
4429,76,10.964588757309103,0.2288659793814433,10.964588757309103
4429,11,11.185150229152597,0.23711340206185566,11.185150229152597
4430,68,11.346943004755527,0.21237113402061855,11.346943004755527
4430,64,12.102966577683274,0.22474226804123712,12.102966577683274
4431,39,11.789422783276168,0.2268041237113402,11.789422783276168
4431,62,10.645741989604607,0.24948453608247423,10.645741989604607
4432,79,11.669129410556831,0.25773195876288657,11.669129410556831
4432,76,10.71143134596057,0.27835051546391754,10.71143134596057
4433,62,11.15560493745351,0.3154639175257732,11.15560493745351
4433,87,11.47182013471359,0.20618556701030927,11.47182013471359
4434,2,11.25666756378392,0.22268041237113403,11.25666756378392
4434,21,11.359528400223699,0.2597938144329897,11.359528400223699
4435,87,11.416112145365384,0.20412371134020618,11.416112145365384
4435,88,11.206031957970845,0.24536082474226803,11.206031957970845
4436,46,11.146084930483108,0.23917525773195877,11.146084930483108
4436,27,11.649337080856466,0.2515463917525773,11.649337080856466
4437,21,11.208208119528372,0.24742268041237114,11.208208119528372
4437,26,11.308530591125523,0.1958762886597938,11.308530591125523
4438,2,10.413313675260271,0.2597938144329897,10.413313675260271
4438,9,10.202158534662905,0.24742268041237114,10.202158534662905
4439,45,11.518022875614674,0.21649484536082475,11.518022875614674
4439,31,11.31686592671108,0.20412371134020618,11.31686592671108
4440,88,10.866307053942226,0.354639175257732,10.866307053942226
4440,40,11.936230422013995,0.2597938144329897,11.936230422013995
4441,82,11.072785135985258,0.32783505154639175,11.072785135985258
4441,11,11.014049399374729,0.27628865979381445,11.014049399374729
4442,61,11.392089653787052,0.2288659793814433,11.392089653787052
4442,26,10.77322191921313,0.30515463917525776,10.77322191921313
4443,42,11.003433856847266,0.2865979381443299,11.003433856847266
4443,27,11.440153463256056,0.2268041237113402,11.440153463256056
4444,27,11.016360370465964,0.22474226804123712,11.016360370465964
4444,63,10.824444067726215,0.26804123711340205,10.824444067726215
4445,68,10.859990026474001,0.24123711340206186,10.859990026474001
4445,77,11.122017369588608,0.22061855670103092,11.122017369588608
4446,78,11.649218599924371,0.23711340206185566,11.649218599924371
4446,33,11.866754199670817,0.24329896907216494,11.866754199670817
4447,16,9.908420275618878,0.2556701030927835,9.908420275618878
4447,82,11.535247073553538,0.26597938144329897,11.535247073553538
4448,97,11.07761263762517,0.2948453608247423,11.07761263762517
4448,61,10.398874662694453,0.24536082474226803,10.398874662694453
4449,63,11.39098125489178,0.26804123711340205,11.39098125489178
4449,88,11.404850203211897,0.27835051546391754,11.404850203211897
4450,76,10.303288923424661,0.311340206185567,10.303288923424661
4450,39,11.054305558200385,0.27628865979381445,11.054305558200385
4451,9,10.617250802846726,0.2639175257731959,10.617250802846726
4451,68,11.541763224200515,0.21649484536082475,11.541763224200515
4452,42,11.268467156494397,0.1979381443298969,11.268467156494397
4452,46,11.559033493857237,0.2288659793814433,11.559033493857237
4453,26,10.181006764844556,0.2309278350515464,10.181006764844556
4453,52,10.549842090699059,0.2,10.549842090699059
4454,61,10.881625383905666,0.23505154639175257,10.881625383905666
4454,17,11.337535885930647,0.27628865979381445,11.337535885930647
4455,21,11.69744860725458,0.23917525773195877,11.69744860725458
4455,87,11.357104570097924,0.24948453608247423,11.357104570097924
4456,52,11.49061020834141,0.30515463917525776,11.49061020834141
4456,33,11.41502849047642,0.24536082474226803,11.41502849047642
4457,76,11.245553651553735,0.2288659793814433,11.245553651553735
4457,33,11.019786470552477,0.20412371134020618,11.019786470552477
4458,49,11.32960062583936,0.23505154639175257,11.32960062583936
4458,68,11.204732563590746,0.19175257731958764,11.204732563590746
4459,54,10.120917758528229,0.3154639175257732,10.120917758528229
4459,75,11.816225318069966,0.21030927835051547,11.816225318069966
4460,61,11.446553696394307,0.21237113402061855,11.446553696394307
4460,68,11.402771518974804,0.2639175257731959,11.402771518974804
4461,97,9.964535385350628,0.2804123711340206,9.964535385350628
4461,46,10.296971920631313,0.26804123711340205,10.296971920631313
4462,63,10.21511392014536,0.25773195876288657,10.21511392014536
4462,8,10.180786608616572,0.23505154639175257,10.180786608616572
4463,78,11.189910400554345,0.23505154639175257,11.189910400554345
4463,10,10.507578772860498,0.2556701030927835,10.507578772860498
4464,61,11.406999831720142,0.30103092783505153,11.406999831720142
4464,24,10.891826712121304,0.20412371134020618,10.891826712121304
4465,77,10.822037800932389,0.2804123711340206,10.822037800932389
4465,93,10.806920320368706,0.2618556701030928,10.806920320368706
4466,8,10.77833712860487,0.24742268041237114,10.77833712860487
4466,52,11.287275423812794,0.2907216494845361,11.287275423812794
4467,73,12.325371767089326,0.2268041237113402,12.325371767089326
4467,59,11.282088834281284,0.2618556701030928,11.282088834281284
4468,26,11.156992041600205,0.24536082474226803,11.156992041600205
4468,59,10.652693262355461,0.23711340206185566,10.652693262355461
4469,20,11.520440795329758,0.21649484536082475,11.520440795329758
4469,32,10.91985335122732,0.23505154639175257,10.91985335122732
4470,85,11.209587599691433,0.2268041237113402,11.209587599691433
4470,14,9.72205309408031,0.2536082474226804,9.72205309408031
4471,26,11.46149047832789,0.23711340206185566,11.46149047832789
4471,87,11.660703881939288,0.23711340206185566,11.660703881939288
4472,78,11.280285042584607,0.34845360824742266,11.280285042584607
4472,75,11.326696171803917,0.2556701030927835,11.326696171803917
4473,19,10.887939889170116,0.2515463917525773,10.887939889170116
4473,20,10.812087447273859,0.2515463917525773,10.812087447273859
4474,8,11.371002397378062,0.22474226804123712,11.371002397378062
4474,82,11.455034076155327,0.23505154639175257,11.455034076155327
4475,85,11.042786505698539,0.1979381443298969,11.042786505698539
4475,42,7.335000150909959,0.14845360824742268,7.335000150909959
4476,7,9.628641363605349,0.22474226804123712,9.628641363605349
4476,87,10.71144901508424,0.2536082474226804,10.71144901508424
4477,27,11.62950185948209,0.20824742268041238,11.62950185948209
4477,21,12.068293847823107,0.177319587628866,12.068293847823107
4478,77,11.049686004037312,0.24948453608247423,11.049686004037312
4478,36,11.589040221975395,0.1670103092783505,11.589040221975395
4479,2,11.63385646619244,0.24123711340206186,11.63385646619244
4479,99,11.06644346620527,0.24536082474226803,11.06644346620527
4480,17,11.32973747954189,0.24329896907216494,11.32973747954189
4480,43,11.205138363091303,0.3134020618556701,11.205138363091303
4481,93,12.049724537643273,0.2721649484536082,12.049724537643273
4481,20,11.22980553665755,0.1711340206185567,11.22980553665755
4482,99,9.202757696247343,0.2907216494845361,9.202757696247343
4482,8,10.760419956159497,0.2288659793814433,10.760419956159497
4483,77,11.340538891578284,0.2309278350515464,11.340538891578284
4483,43,9.726306725333876,0.3216494845360825,9.726306725333876
4484,43,11.59001971853479,0.26597938144329897,11.59001971853479
4484,87,11.405600468968434,0.1958762886597938,11.405600468968434
4485,54,11.234757545295624,0.29690721649484536,11.234757545295624
4485,9,11.487373185475404,0.2288659793814433,11.487373185475404
4486,99,9.973471324051852,0.28865979381443296,9.973471324051852
4486,94,11.411497721092813,0.21855670103092784,11.411497721092813
4487,59,12.029471879850867,0.24948453608247423,12.029471879850867
4487,39,12.532791207011435,0.24123711340206186,12.532791207011435
4488,28,9.51020885328871,0.29896907216494845,9.51020885328871
4488,1,11.522458637031749,0.22061855670103092,11.522458637031749
4489,32,11.13231358843544,0.20618556701030927,11.13231358843544
4489,78,11.55330424557966,0.21030927835051547,11.55330424557966
4490,50,11.412930617010781,0.2948453608247423,11.412930617010781
4490,4,12.300329852161356,0.2556701030927835,12.300329852161356
4491,14,11.025428896048076,0.23917525773195877,11.025428896048076
4491,18,11.728345964139502,0.20412371134020618,11.728345964139502
4492,26,11.270942261333612,0.24948453608247423,11.270942261333612
4492,83,10.72881493157624,0.24536082474226803,10.72881493157624
4493,97,11.275356918621123,0.20824742268041238,11.275356918621123
4493,3,12.028123542043527,0.2268041237113402,12.028123542043527
4494,22,11.167432446507629,0.24123711340206186,11.167432446507629
4494,16,11.172964522397278,0.2597938144329897,11.172964522397278
4495,65,10.218615964112406,0.27835051546391754,10.218615964112406
4495,79,11.228604861992393,0.18969072164948453,11.228604861992393
4496,33,11.266988180471033,0.2597938144329897,11.266988180471033
4496,97,11.139770023105426,0.2309278350515464,11.139770023105426
4497,28,10.209154734322134,0.27422680412371137,10.209154734322134
4497,7,11.190941177245938,0.23505154639175257,11.190941177245938
4498,26,11.116037767382577,0.23711340206185566,11.116037767382577
4498,61,9.438559119334322,0.2865979381443299,9.438559119334322
4499,83,11.115472500625344,0.21443298969072164,11.115472500625344
4499,8,10.978770237140587,0.24123711340206186,10.978770237140587
4500,19,11.20375157506878,0.25773195876288657,11.20375157506878
4500,49,10.476380980463096,0.21443298969072164,10.476380980463096
4501,63,11.511525087173476,0.2288659793814433,11.511525087173476
4501,78,12.214439915683325,0.27422680412371137,12.214439915683325
4502,46,11.154638289431167,0.2927835051546392,11.154638289431167
4502,82,11.88747229436672,0.21443298969072164,11.88747229436672
4503,79,11.492376700347572,0.22474226804123712,11.492376700347572
4503,35,11.094676034484335,0.32783505154639175,11.094676034484335
4504,24,11.607182472254403,0.2804123711340206,11.607182472254403
4504,11,10.964166674124538,0.2721649484536082,10.964166674124538
4505,17,11.183884227824423,0.2268041237113402,11.183884227824423
4505,91,10.356153130966653,0.27010309278350514,10.356153130966653
4506,62,11.389371516899141,0.2268041237113402,11.389371516899141
4506,1,11.266661384802065,0.21855670103092784,11.266661384802065
4507,22,11.425203218001316,0.22268041237113403,11.425203218001316
4507,20,11.393585021513477,0.20412371134020618,11.393585021513477
4508,83,11.05267908596182,0.24123711340206186,11.05267908596182
4508,75,11.369414485829887,0.23711340206185566,11.369414485829887
4509,1,12.265457548323674,0.21649484536082475,12.265457548323674
4509,33,11.453076126572261,0.22061855670103092,11.453076126572261
4510,10,11.720073212484772,0.2907216494845361,11.720073212484772
4510,50,11.213344254254352,0.23711340206185566,11.213344254254352
4511,79,11.983853957716732,0.2597938144329897,11.983853957716732
4511,15,11.01850323720881,0.2556701030927835,11.01850323720881
4512,68,12.138745604091522,0.23505154639175257,12.138745604091522
4512,25,11.472246940903558,0.22474226804123712,11.472246940903558
4513,11,10.651888211582373,0.23917525773195877,10.651888211582373
4513,20,10.644719738173333,0.24742268041237114,10.644719738173333
4514,83,10.844053768605189,0.2556701030927835,10.844053768605189
4514,9,10.916519599492782,0.21855670103092784,10.916519599492782
4515,99,11.693310307330426,0.24329896907216494,11.693310307330426
4515,96,10.208178557043713,0.2865979381443299,10.208178557043713
4516,91,10.025690257019988,0.30721649484536084,10.025690257019988
4516,97,11.713769933189479,0.2721649484536082,11.713769933189479
4517,42,11.557192053163192,0.21855670103092784,11.557192053163192
4517,36,10.967967638332388,0.2618556701030928,10.967967638332388
4518,42,11.907555301975398,0.24742268041237114,11.907555301975398
4518,24,11.634315903493214,0.2309278350515464,11.634315903493214
4519,65,10.038085770364125,0.30515463917525776,10.038085770364125
4519,19,10.447739874261321,0.24123711340206186,10.447739874261321
4520,96,11.213875009351877,0.2597938144329897,11.213875009351877
4520,33,11.031921612370672,0.21237113402061855,11.031921612370672
4521,7,9.561450041215654,0.2865979381443299,9.561450041215654
4521,45,12.637227397528838,0.23505154639175257,12.637227397528838
4522,8,12.299984163441865,0.2020618556701031,12.299984163441865
4522,3,12.09650849116135,0.22061855670103092,12.09650849116135
4523,61,12.486326351357492,0.2020618556701031,12.486326351357492
4523,91,11.577019879232688,0.2309278350515464,11.577019879232688
4524,88,11.642798133787286,0.2309278350515464,11.642798133787286
4524,91,11.69744661435616,0.23917525773195877,11.69744661435616
4525,28,11.433926536067117,0.2020618556701031,11.433926536067117
4525,33,11.333858485732131,0.2268041237113402,11.333858485732131
4526,16,10.862287071384708,0.23505154639175257,10.862287071384708
4526,75,11.412291653844987,0.20412371134020618,11.412291653844987
4527,16,11.089347619910958,0.21443298969072164,11.089347619910958
4527,87,12.162886233250207,0.21030927835051547,12.162886233250207
4528,27,12.205227526429065,0.2268041237113402,12.205227526429065
4528,79,11.620571712444843,0.2329896907216495,11.620571712444843
4529,2,10.449347485066879,0.2597938144329897,10.449347485066879
4529,18,11.982365610190554,0.24948453608247423,11.982365610190554
4530,20,11.891379043230824,0.24123711340206186,11.891379043230824
4530,58,11.665658489647798,0.2020618556701031,11.665658489647798
4531,85,11.262530229757122,0.23917525773195877,11.262530229757122
4531,43,10.841604446517945,0.2515463917525773,10.841604446517945
4532,65,9.936473207553387,0.29896907216494845,9.936473207553387
4532,77,9.382452905211082,0.33814432989690724,9.382452905211082
4533,77,10.93544835361771,0.26804123711340205,10.93544835361771
4533,65,11.388882442756165,0.2597938144329897,11.388882442756165
4534,77,12.094641054660267,0.20824742268041238,12.094641054660267
4534,25,12.82107160564358,0.21855670103092784,12.82107160564358
4535,11,11.929110402955779,0.24329896907216494,11.929110402955779
4535,44,11.44187324063544,0.2268041237113402,11.44187324063544
4536,10,12.00092035404887,0.2597938144329897,12.00092035404887
4536,100,11.101152795714205,0.3030927835051546,11.101152795714205
4537,49,12.063625984228077,0.2329896907216495,12.063625984228077
4537,52,11.255177689489937,0.22474226804123712,11.255177689489937
4538,76,11.25931947516418,0.24123711340206186,11.25931947516418
4538,94,10.17001830601704,0.27422680412371137,10.17001830601704
4539,69,10.388249106693445,0.20824742268041238,10.388249106693445
4539,21,10.648398672237477,0.2721649484536082,10.648398672237477
4540,96,10.884379405921052,0.23505154639175257,10.884379405921052
4540,76,10.797143910749982,0.19175257731958764,10.797143910749982
4541,32,11.00407326133931,0.3154639175257732,11.00407326133931
4541,82,10.744575283834447,0.30515463917525776,10.744575283834447
4542,76,10.476841976962861,0.2618556701030928,10.476841976962861
4542,31,11.193114201119016,0.23505154639175257,11.193114201119016
4543,52,11.660250070053818,0.23711340206185566,11.660250070053818
4543,44,10.201082361935335,0.2515463917525773,10.201082361935335
4544,19,10.68153235910087,0.21855670103092784,10.68153235910087
4544,43,10.842148941610851,0.30103092783505153,10.842148941610851
4545,9,12.351020362744112,0.24742268041237114,12.351020362744112
4545,17,12.448988001877623,0.2,12.448988001877623
4546,2,11.529945236123355,0.24329896907216494,11.529945236123355
4546,100,12.764129548024933,0.19381443298969073,12.764129548024933
4547,94,6.2093227643418825,0.24948453608247423,6.2093227643418825
4547,19,8.228051159390334,0.2721649484536082,8.228051159390334
4548,96,11.2484275541858,0.22268041237113403,11.2484275541858
4548,71,10.638614610988832,0.3134020618556701,10.638614610988832
4549,54,11.165552458374748,0.22474226804123712,11.165552458374748
4549,65,10.800579428962555,0.2721649484536082,10.800579428962555
4550,54,11.122964965474171,0.25773195876288657,11.122964965474171
4550,58,10.68422286969496,0.2927835051546392,10.68422286969496
4551,26,10.252886257204297,0.2845360824742268,10.252886257204297
4551,86,11.949299836941679,0.27835051546391754,11.949299836941679
4552,44,10.513578170407975,0.3030927835051546,10.513578170407975
4552,26,11.575891934504098,0.24948453608247423,11.575891934504098
4553,44,11.462619984063785,0.19381443298969073,11.462619984063785
4553,65,11.402787051166479,0.17938144329896907,11.402787051166479
4554,21,9.356296893219092,0.29690721649484536,9.356296893219092
4554,36,11.835750775933459,0.2597938144329897,11.835750775933459
4555,85,11.556955881308319,0.21237113402061855,11.556955881308319
4555,11,10.826368123326045,0.23505154639175257,10.826368123326045
4556,82,10.867735047081368,0.26597938144329897,10.867735047081368
4556,42,11.476270261769287,0.29690721649484536,11.476270261769287
4557,7,10.840334903305148,0.24536082474226803,10.840334903305148
4557,46,11.064709036554463,0.24742268041237114,11.064709036554463
4558,33,11.179932773332363,0.27010309278350514,11.179932773332363
4558,62,12.72776246544727,0.24536082474226803,12.72776246544727
4559,54,11.67287796294409,0.26597938144329897,11.67287796294409
4559,85,10.462471529288127,0.2515463917525773,10.462471529288127
4560,29,11.015490692526365,0.24742268041237114,11.015490692526365
4560,67,11.197979401376978,0.24742268041237114,11.197979401376978
4561,14,11.119090518455907,0.24123711340206186,11.119090518455907
4561,16,11.682847173778157,0.2,11.682847173778157
4562,24,11.221331085123134,0.2329896907216495,11.221331085123134
4562,91,11.944990573631667,0.24536082474226803,11.944990573631667
4563,43,11.781473709351234,0.2020618556701031,11.781473709351234
4563,32,10.986882309517636,0.26597938144329897,10.986882309517636
4564,21,11.997933674411295,0.2020618556701031,11.997933674411295
4564,15,10.833967162330861,0.23917525773195877,10.833967162330861
4565,15,10.605460192953565,0.2309278350515464,10.605460192953565
4565,20,12.045885672452219,0.2618556701030928,12.045885672452219
4566,79,11.440908531896948,0.22474226804123712,11.440908531896948
4566,54,12.489830765759457,0.20618556701030927,12.489830765759457
4567,82,9.065367637314683,0.2907216494845361,9.065367637314683
4567,96,11.632887498918846,0.18144329896907216,11.632887498918846
4568,15,11.775425817906111,0.23917525773195877,11.775425817906111
4568,14,9.585402105528187,0.23711340206185566,9.585402105528187
4569,82,9.559763854032022,0.27835051546391754,9.559763854032022
4569,14,9.944008042661176,0.2927835051546392,9.944008042661176
4570,50,10.543944310049335,0.21443298969072164,10.543944310049335
4570,24,10.487229840504888,0.3422680412371134,10.487229840504888
4571,50,11.80788189362441,0.24948453608247423,11.80788189362441
4571,75,12.26347641787918,0.27010309278350514,12.26347641787918
4572,2,10.88051582340486,0.23505154639175257,10.88051582340486
4572,52,10.864398120164985,0.2515463917525773,10.864398120164985
4573,24,11.072869326697509,0.2907216494845361,11.072869326697509
4573,2,12.396414129762816,0.20412371134020618,12.396414129762816
4574,90,10.618641607647765,0.18762886597938144,10.618641607647765
4574,36,11.94485275951741,0.20412371134020618,11.94485275951741
4575,82,12.502200459407412,0.23711340206185566,12.502200459407412
4575,90,10.166879228862815,0.24948453608247423,10.166879228862815
4576,63,11.755798075515514,0.21443298969072164,11.755798075515514
4576,96,9.87622147670228,0.2536082474226804,9.87622147670228
4577,7,11.167937117112142,0.27835051546391754,11.167937117112142
4577,63,11.437492023065962,0.2329896907216495,11.437492023065962
4578,90,11.615401327060582,0.24329896907216494,11.615401327060582
4578,85,11.350580819995237,0.2329896907216495,11.350580819995237
4579,85,11.403209900658725,0.2329896907216495,11.403209900658725
4579,65,12.893531094649562,0.23711340206185566,12.893531094649562
4580,14,9.245504793615828,0.24948453608247423,9.245504793615828
4580,44,11.318477242812381,0.26804123711340205,11.318477242812381
4581,16,12.649057023146197,0.28865979381443296,12.649057023146197
4581,55,10.828631488243381,0.2268041237113402,10.828631488243381
4582,42,9.785893798858913,0.2556701030927835,9.785893798858913
4582,36,10.54793421668662,0.21443298969072164,10.54793421668662
4583,94,8.465903268554579,0.3216494845360825,8.465903268554579
4583,35,11.047730462971732,0.27835051546391754,11.047730462971732
4584,22,13.041676813516318,0.2288659793814433,13.041676813516318
4584,99,11.802429781756565,0.2556701030927835,11.802429781756565
4585,10,11.403762082036097,0.24536082474226803,11.403762082036097
4585,20,10.999582369021953,0.2804123711340206,10.999582369021953
4586,11,11.129858600076266,0.2597938144329897,11.129858600076266
4586,70,10.696612639747356,0.29896907216494845,10.696612639747356
4587,46,11.442380270618438,0.25773195876288657,11.442380270618438
4587,11,12.927154634588712,0.24536082474226803,12.927154634588712
4588,31,12.139953313174223,0.2268041237113402,12.139953313174223
4588,15,11.745033135783245,0.2268041237113402,11.745033135783245
4589,52,12.192265381682875,0.2020618556701031,12.192265381682875
4589,87,10.8848541797035,0.2597938144329897,10.8848541797035
4590,99,13.022595288248196,0.24536082474226803,13.022595288248196
4590,91,12.362811145459078,0.2597938144329897,12.362811145459078
4591,33,11.815058838054874,0.2515463917525773,11.815058838054874
4591,98,11.071768365720226,0.27010309278350514,11.071768365720226
4592,67,12.509067800027228,0.2288659793814433,12.509067800027228
4592,53,11.043615068178925,0.2536082474226804,11.043615068178925
4593,85,12.247194979815617,0.25773195876288657,12.247194979815617
4593,33,12.474273427827015,0.23505154639175257,12.474273427827015
4594,63,12.445612133527577,0.26597938144329897,12.445612133527577
4594,43,12.498889022789221,0.20412371134020618,12.498889022789221
4595,94,11.877477613651955,0.24948453608247423,11.877477613651955
4595,48,10.813355062716685,0.2597938144329897,10.813355062716685
4596,28,10.619592145170333,0.27628865979381445,10.619592145170333
4596,92,12.216923494029302,0.25773195876288657,12.216923494029302
4597,83,11.019736743609466,0.29690721649484536,11.019736743609466
4597,31,12.483877804832826,0.21855670103092784,12.483877804832826
4598,35,12.055093287593904,0.20824742268041238,12.055093287593904
4598,26,11.552128984417676,0.2597938144329897,11.552128984417676
4599,28,9.719400065885694,0.30927835051546393,9.719400065885694
4599,48,12.749034153083006,0.23505154639175257,12.749034153083006
4600,76,12.467791378604499,0.2329896907216495,12.467791378604499
4600,15,11.702955284473571,0.24329896907216494,11.702955284473571
4601,26,11.393672510509182,0.2329896907216495,11.393672510509182
4601,89,12.472187629325765,0.22474226804123712,12.472187629325765
4602,36,12.285200357944268,0.22268041237113403,12.285200357944268
4602,88,12.823477296013527,0.2618556701030928,12.823477296013527
4603,72,12.398866176047633,0.2639175257731959,12.398866176047633
4603,64,12.28248356266919,0.2288659793814433,12.28248356266919
4604,69,12.2278917615941,0.21855670103092784,12.2278917615941
4604,56,11.684364259467573,0.24123711340206186,11.684364259467573
4605,42,12.368183004572575,0.24742268041237114,12.368183004572575
4605,1,12.618855320140135,0.2536082474226804,12.618855320140135
4606,28,12.794361588958363,0.24123711340206186,12.794361588958363
4606,83,11.029548424752338,0.2597938144329897,11.029548424752338
4607,53,10.308669930708513,0.30103092783505153,10.308669930708513
4607,10,12.080100197666294,0.2597938144329897,12.080100197666294
4608,81,11.403827782219386,0.24329896907216494,11.403827782219386
4608,74,12.830604450948124,0.20412371134020618,12.830604450948124
4609,26,7.951361175720281,0.3319587628865979,7.951361175720281
4609,30,10.05836628717137,0.2804123711340206,10.05836628717137
4610,66,12.756259369935396,0.2329896907216495,12.756259369935396
4610,34,10.847660345340072,0.2804123711340206,10.847660345340072
4611,26,10.165211209412131,0.17938144329896907,10.165211209412131
4611,7,11.862982814820757,0.21030927835051547,11.862982814820757
4612,98,11.954877652134238,0.2824742268041237,11.954877652134238
4612,81,10.26733021353673,0.2515463917525773,10.26733021353673
4613,70,12.506457618714066,0.1711340206185567,12.506457618714066
4613,15,12.844151928513334,0.21237113402061855,12.844151928513334
4614,46,12.274034940314124,0.3216494845360825,12.274034940314124
4614,93,11.318435533261171,0.2907216494845361,11.318435533261171
4615,14,10.699934763605075,0.27628865979381445,10.699934763605075
4615,3,12.566798841590048,0.21237113402061855,12.566798841590048
4616,79,11.39852562832503,0.26597938144329897,11.39852562832503
4616,90,11.937503382644726,0.24536082474226803,11.937503382644726
4617,95,12.492953522125928,0.2329896907216495,12.492953522125928
4617,4,12.71135857396163,0.24536082474226803,12.71135857396163
4618,69,11.61981537449597,0.31958762886597936,11.61981537449597
4618,42,11.767613228081492,0.2721649484536082,11.767613228081492
4619,83,11.230863230112552,0.21443298969072164,11.230863230112552
4619,42,12.150544883413735,0.20618556701030927,12.150544883413735
4620,42,12.265527756054066,0.26804123711340205,12.265527756054066
4620,52,11.40511772394758,0.2927835051546392,11.40511772394758
4621,83,12.453084449285814,0.23505154639175257,12.453084449285814
4621,69,12.664630609178733,0.2,12.664630609178733
4622,21,11.602968971276878,0.27628865979381445,11.602968971276878
4622,47,11.955708672865706,0.23711340206185566,11.955708672865706
4623,38,12.58806437253495,0.21030927835051547,12.58806437253495
4623,60,13.029302065414146,0.18969072164948453,13.029302065414146
4624,47,12.688305407407894,0.21855670103092784,12.688305407407894
4624,27,12.647816363830408,0.22474226804123712,12.647816363830408
4625,26,12.094213970328909,0.24948453608247423,12.094213970328909
4625,23,11.912512982086144,0.24948453608247423,11.912512982086144
4626,55,11.26811375132944,0.24329896907216494,11.26811375132944
4626,10,11.139970244939704,0.2618556701030928,11.139970244939704
4627,81,12.267188850525141,0.2329896907216495,12.267188850525141
4627,29,11.63444407040195,0.2556701030927835,11.63444407040195
4628,79,12.03409229860608,0.20824742268041238,12.03409229860608
4628,40,11.22617116310986,0.2845360824742268,11.22617116310986
4629,34,12.298235901851152,0.2020618556701031,12.298235901851152
4629,68,12.082385459238147,0.27422680412371137,12.082385459238147
4630,19,11.976283400796174,0.24948453608247423,11.976283400796174
4630,87,12.383081419380435,0.24536082474226803,12.383081419380435
4631,59,12.53042603520739,0.2556701030927835,12.53042603520739
4631,92,11.223497785859742,0.23711340206185566,11.223497785859742
4632,84,12.015252530744357,0.24742268041237114,12.015252530744357
4632,12,12.191017517963292,0.22474226804123712,12.191017517963292
4633,10,11.184972374602316,0.29690721649484536,11.184972374602316
4633,39,11.590820669042117,0.2639175257731959,11.590820669042117
4634,93,12.429690196061275,0.24948453608247423,12.429690196061275
4634,39,12.261056203240715,0.2309278350515464,12.261056203240715
4635,52,11.893466427894118,0.21443298969072164,11.893466427894118
4635,97,10.674208717166891,0.2865979381443299,10.674208717166891
4636,13,9.181348996852002,0.35051546391752575,9.181348996852002
4636,12,12.51856055707637,0.24536082474226803,12.51856055707637
4637,97,12.676668686571947,0.2268041237113402,12.676668686571947
4637,87,12.385389574691029,0.2288659793814433,12.385389574691029
4638,52,11.718806776367252,0.2556701030927835,11.718806776367252
4638,37,11.866477912229191,0.2288659793814433,11.866477912229191
4639,58,12.599066372817088,0.2309278350515464,12.599066372817088
4639,33,4.318968051433361,0.37731958762886597,4.318968051433361
4640,40,9.893924604910588,0.2948453608247423,9.893924604910588
4640,7,12.92587685992512,0.2309278350515464,12.92587685992512
4641,6,11.788243631605422,0.24329896907216494,11.788243631605422
4641,85,11.747044498687206,0.2536082474226804,11.747044498687206
4642,23,12.340561089110508,0.27628865979381445,12.340561089110508
4642,18,11.645303244085373,0.2556701030927835,11.645303244085373
4643,19,11.47143794038684,0.22268041237113403,11.47143794038684
4643,35,9.235119728086369,0.34845360824742266,9.235119728086369
4644,17,12.258738362807202,0.24742268041237114,12.258738362807202
4644,89,11.72407387776639,0.23505154639175257,11.72407387776639
4645,33,12.113367925110017,0.23711340206185566,12.113367925110017
4645,85,12.416402951849165,0.24329896907216494,12.416402951849165
4646,32,11.979321248630937,0.2556701030927835,11.979321248630937
4646,72,13.031039878161312,0.2309278350515464,13.031039878161312
4647,19,12.20878217160563,0.2515463917525773,12.20878217160563
4647,57,12.201777993153833,0.23505154639175257,12.201777993153833
4648,40,7.053533806315085,0.31752577319587627,7.053533806315085
4648,52,3.992625210220587,0.46804123711340206,3.992625210220587
4649,50,12.69815870199068,0.23505154639175257,12.69815870199068
4649,77,13.19794765301441,0.24948453608247423,13.19794765301441
4650,52,10.14696827348659,0.30515463917525776,10.14696827348659
4650,79,11.878169248747568,0.2618556701030928,11.878169248747568
4651,13,12.659896399712691,0.2309278350515464,12.659896399712691
4651,53,12.736927501088235,0.24742268041237114,12.736927501088235
4652,37,13.134103656795144,0.20618556701030927,13.134103656795144
4652,51,10.972369877460315,0.26804123711340205,10.972369877460315
4653,71,9.669102485670932,0.3237113402061856,9.669102485670932
4653,34,10.405407200157605,0.23917525773195877,10.405407200157605
4654,94,10.515973860804882,0.3525773195876289,10.515973860804882
4654,59,10.75537385323333,0.30103092783505153,10.75537385323333
4655,86,12.365602603077829,0.2639175257731959,12.365602603077829
4655,19,12.791364665836792,0.18969072164948453,12.791364665836792
4656,40,12.254959362559354,0.23711340206185566,12.254959362559354
4656,79,11.33329980098896,0.2639175257731959,11.33329980098896
4657,55,9.798228055827956,0.30103092783505153,9.798228055827956
4657,40,12.102916457804623,0.2329896907216495,12.102916457804623
4658,95,10.96124224493347,0.2824742268041237,10.96124224493347
4658,67,11.697675545990926,0.2515463917525773,11.697675545990926
4659,10,12.66680679026479,0.20618556701030927,12.66680679026479
4659,18,12.754662875507442,0.21649484536082475,12.754662875507442
4660,6,11.562634995607832,0.2288659793814433,11.562634995607832
4660,81,11.48691457558325,0.24329896907216494,11.48691457558325
4661,79,12.698157937757784,0.24123711340206186,12.698157937757784
4661,6,12.301867591721583,0.25773195876288657,12.301867591721583
4662,3,12.559077465664124,0.24123711340206186,12.559077465664124
4662,58,12.59267138937234,0.2020618556701031,12.59267138937234
4663,80,12.358707752288463,0.2329896907216495,12.358707752288463
4663,6,12.712992065746269,0.24536082474226803,12.712992065746269
4664,98,10.294983884381075,0.2804123711340206,10.294983884381075
4664,57,11.344024333342245,0.2556701030927835,11.344024333342245
4665,34,12.816977997318844,0.2309278350515464,12.816977997318844
4665,94,12.17236057107688,0.24536082474226803,12.17236057107688
4666,75,11.71818084284736,0.2288659793814433,11.71818084284736
4666,3,12.343970122721181,0.21855670103092784,12.343970122721181
4667,51,12.66313377445633,0.18969072164948453,12.66313377445633
4667,64,9.810627714923106,0.33608247422680415,9.810627714923106
4668,14,10.777958012067772,0.2865979381443299,10.777958012067772
4668,24,12.18735076823974,0.2597938144329897,12.18735076823974
4669,21,12.535573929582057,0.2268041237113402,12.535573929582057
4669,73,9.550508855391016,0.25773195876288657,9.550508855391016
4670,90,12.738946073522424,0.24536082474226803,12.738946073522424
4670,61,9.631593232161428,0.31958762886597936,9.631593232161428
4671,59,12.894780620512877,0.20618556701030927,12.894780620512877
4671,57,12.736466168501563,0.22061855670103092,12.736466168501563
4672,61,11.075176571454016,0.23505154639175257,11.075176571454016
4672,26,11.58946582547995,0.2515463917525773,11.58946582547995
4673,29,12.49372854861875,0.2288659793814433,12.49372854861875
4673,75,11.98481378190508,0.26597938144329897,11.98481378190508
4674,39,11.842066918808037,0.24742268041237114,11.842066918808037
4674,1,10.824779763119587,0.31958762886597936,10.824779763119587
4675,89,12.64183509718867,0.2268041237113402,12.64183509718867
4675,40,12.363396164832785,0.21237113402061855,12.363396164832785
4676,30,12.751919380396586,0.21030927835051547,12.751919380396586
4676,20,12.27515757995695,0.21649484536082475,12.27515757995695
4677,71,11.640087842787386,0.22474226804123712,11.640087842787386
4677,52,11.104992325065256,0.27010309278350514,11.104992325065256
4678,67,10.5498637826385,0.28865979381443296,10.5498637826385
4678,40,9.311097109363017,0.27010309278350514,9.311097109363017
4679,14,11.316299261474603,0.2907216494845361,11.316299261474603
4679,92,11.301383817739202,0.2804123711340206,11.301383817739202
4680,1,11.814742851711356,0.2824742268041237,11.814742851711356
4680,52,11.825326418456259,0.24123711340206186,11.825326418456259
4681,55,11.441462018491267,0.25773195876288657,11.441462018491267
4681,17,9.652579916217798,0.30103092783505153,9.652579916217798
4682,84,9.650661033237217,0.2865979381443299,9.650661033237217
4682,87,12.1564538670942,0.2329896907216495,12.1564538670942
4683,35,12.803349395123478,0.18762886597938144,12.803349395123478
4683,94,11.864893400358845,0.2536082474226804,11.864893400358845
4684,84,12.917314743392927,0.2309278350515464,12.917314743392927
4684,67,8.17893909504352,0.3525773195876289,8.17893909504352
4685,32,11.745005163505034,0.23917525773195877,11.745005163505034
4685,49,12.344444159021993,0.2288659793814433,12.344444159021993
4686,1,11.706183928268517,0.27422680412371137,11.706183928268517
4686,20,11.96527926822646,0.24329896907216494,11.96527926822646
4687,56,10.942183350777794,0.2907216494845361,10.942183350777794
4687,42,12.498974688244996,0.21237113402061855,12.498974688244996
4688,26,9.615233560470669,0.3030927835051546,9.615233560470669
4688,12,12.059597813217545,0.2020618556701031,12.059597813217545
4689,40,12.096759746252014,0.2639175257731959,12.096759746252014
4689,95,6.515450153409449,0.40824742268041236,6.515450153409449
4690,64,12.595458234083916,0.2,12.595458234083916
4690,96,11.150495461573199,0.36082474226804123,11.150495461573199
4691,26,11.041882398578238,0.2824742268041237,11.041882398578238
4691,61,11.169926276271374,0.24329896907216494,11.169926276271374
4692,24,12.389130176235831,0.29896907216494845,12.389130176235831
4692,23,12.501277843771677,0.24329896907216494,12.501277843771677
4693,1,12.310609506278839,0.24948453608247423,12.310609506278839
4693,52,12.656029502512322,0.24123711340206186,12.656029502512322
4694,61,11.636301786516842,0.2288659793814433,11.636301786516842
4694,58,9.659153204309407,0.30515463917525776,9.659153204309407
4695,39,12.251061168259046,0.23917525773195877,12.251061168259046
4695,40,12.216242124092021,0.24742268041237114,12.216242124092021
4696,6,13.223102821761968,0.1979381443298969,13.223102821761968
4696,90,12.719509302868218,0.21443298969072164,12.719509302868218
4697,17,11.25634274372912,0.24536082474226803,11.25634274372912
4697,58,11.517348444026831,0.26597938144329897,11.517348444026831
4698,67,12.304133455205639,0.23711340206185566,12.304133455205639
4698,12,11.350444868234057,0.2536082474226804,11.350444868234057
4699,96,12.303338004582336,0.24536082474226803,12.303338004582336
4699,87,11.674958528118154,0.24536082474226803,11.674958528118154
4700,45,12.70447514288789,0.23505154639175257,12.70447514288789
4700,10,10.878986415929953,0.2865979381443299,10.878986415929953
4701,75,11.11604549601127,0.24948453608247423,11.11604549601127
4701,3,13.19638068838084,0.24123711340206186,13.19638068838084
4702,82,12.853984644422287,0.21237113402061855,12.853984644422287
4702,52,12.749229268035622,0.23505154639175257,12.749229268035622
4703,44,11.782955512784305,0.2618556701030928,11.782955512784305
4703,61,12.150881023094762,0.2556701030927835,12.150881023094762
4704,17,12.089324348289669,0.23711340206185566,12.089324348289669
4704,85,12.142900997700194,0.24742268041237114,12.142900997700194
4705,95,11.574245000820817,0.2639175257731959,11.574245000820817
4705,85,12.564288758183888,0.2020618556701031,12.564288758183888
4706,12,9.4691346742655,0.3443298969072165,9.4691346742655
4706,5,11.969570695446238,0.21855670103092784,11.969570695446238
4707,39,11.830064688783366,0.24948453608247423,11.830064688783366
4707,8,11.974978296293909,0.2309278350515464,11.974978296293909
4708,93,12.509871289996319,0.24742268041237114,12.509871289996319
4708,16,12.539462966757872,0.2288659793814433,12.539462966757872
4709,49,12.941106531301973,0.21443298969072164,12.941106531301973
4709,9,11.82953471547891,0.26597938144329897,11.82953471547891
4710,58,11.507322380532562,0.24948453608247423,11.507322380532562
4710,9,12.183637748430147,0.23505154639175257,12.183637748430147
4711,68,12.028037437224658,0.22268041237113403,12.028037437224658
4711,21,11.987813946186431,0.24329896907216494,11.987813946186431
4712,26,10.142473697658524,0.2948453608247423,10.142473697658524
4712,68,12.991635902855522,0.23917525773195877,12.991635902855522
4713,8,11.606882183910571,0.2556701030927835,11.606882183910571
4713,66,12.3392466614461,0.2288659793814433,12.3392466614461
4714,33,11.134401677834523,0.27628865979381445,11.134401677834523
4714,83,12.203952127508183,0.24536082474226803,12.203952127508183
4715,8,12.492425641048778,0.23711340206185566,12.492425641048778
4715,63,13.137295482650723,0.1979381443298969,13.137295482650723
4716,96,11.66682087021019,0.2597938144329897,11.66682087021019
4716,50,12.23054174514117,0.24536082474226803,12.23054174514117
4717,26,11.974123393775614,0.22474226804123712,11.974123393775614
4717,89,12.429810025205219,0.2288659793814433,12.429810025205219
4718,81,12.430220103973374,0.21855670103092784,12.430220103973374
4718,96,12.14464696041386,0.2556701030927835,12.14464696041386
4719,98,8.241870888906819,0.28865979381443296,8.241870888906819
4719,2,9.391394062239865,0.27628865979381445,9.391394062239865
4720,39,9.799264625981946,0.2804123711340206,9.799264625981946
4720,13,11.612831058068053,0.22061855670103092,11.612831058068053
4721,71,11.881867265219432,0.29896907216494845,11.881867265219432
4721,78,12.487176806542614,0.2721649484536082,12.487176806542614
4722,98,11.865476274507104,0.2556701030927835,11.865476274507104
4722,14,11.920529509874257,0.21237113402061855,11.920529509874257
4723,5,12.825194259098886,0.21237113402061855,12.825194259098886
4723,31,11.697264493562946,0.2515463917525773,11.697264493562946
4724,14,11.77842309580072,0.2329896907216495,11.77842309580072
4724,46,12.755730084144231,0.21443298969072164,12.755730084144231
4725,31,12.172713244431419,0.2907216494845361,12.172713244431419
4725,44,12.445740178376923,0.22061855670103092,12.445740178376923
4726,95,5.872210203054837,0.4061855670103093,5.872210203054837
4726,61,9.665598377477034,0.2948453608247423,9.665598377477034
4727,33,11.619325227495072,0.24536082474226803,11.619325227495072
4727,21,12.69815917667362,0.24536082474226803,12.69815917667362
4728,55,12.207692714714813,0.2,12.207692714714813
4728,70,9.720719533870755,0.27422680412371137,9.720719533870755
4729,73,11.973792748829757,0.2618556701030928,11.973792748829757
4729,71,12.830246081363226,0.2288659793814433,12.830246081363226
4730,41,12.11750836638191,0.2865979381443299,12.11750836638191
4730,69,12.275961754309757,0.21649484536082475,12.275961754309757
4731,12,12.457617398954831,0.22061855670103092,12.457617398954831
4731,70,12.269973645136098,0.27422680412371137,12.269973645136098
4732,41,11.038209808352207,0.22474226804123712,11.038209808352207
4732,83,11.8757665314279,0.23505154639175257,11.8757665314279
4733,66,12.750882960520988,0.20412371134020618,12.750882960520988
4733,93,11.452091562886729,0.2597938144329897,11.452091562886729
4734,20,8.78164186982832,0.36082474226804123,8.78164186982832
4734,80,11.708691629129497,0.2536082474226804,11.708691629129497
4735,95,11.72373369541797,0.26597938144329897,11.72373369541797
4735,9,9.659765998537933,0.2948453608247423,9.659765998537933
4736,87,11.897082400680105,0.2824742268041237,11.897082400680105
4736,98,12.082025683499008,0.2618556701030928,12.082025683499008
4737,78,13.057639466347148,0.21443298969072164,13.057639466347148
4737,16,12.554644858224664,0.2288659793814433,12.554644858224664
4738,13,12.32414798331456,0.2329896907216495,12.32414798331456
4738,43,11.779184844149938,0.2268041237113402,11.779184844149938
4739,31,12.414559847147377,0.29690721649484536,12.414559847147377
4739,81,12.01093096697515,0.2597938144329897,12.01093096697515
4740,10,9.114701908663847,0.3463917525773196,9.114701908663847
4740,56,12.870101246778075,0.23505154639175257,12.870101246778075
4741,16,12.273387248645948,0.23711340206185566,12.273387248645948
4741,51,12.229868228568089,0.21855670103092784,12.229868228568089
4742,96,12.512443993983675,0.20824742268041238,12.512443993983675
4742,21,13.13597632438954,0.20824742268041238,13.13597632438954
4743,12,11.154692761482318,0.2804123711340206,11.154692761482318
4743,27,12.45946908347113,0.2515463917525773,12.45946908347113
4744,95,12.469234150353087,0.2268041237113402,12.469234150353087
4744,27,11.375426903425645,0.24123711340206186,11.375426903425645
4745,75,12.464851709003842,0.27422680412371137,12.464851709003842
4745,73,11.879680563795585,0.2618556701030928,11.879680563795585
4746,41,10.791952929942354,0.3030927835051546,10.791952929942354
4746,93,12.457747662634436,0.24948453608247423,12.457747662634436
4747,98,11.615028958788566,0.24329896907216494,11.615028958788566
4747,38,11.359669866854007,0.30927835051546393,11.359669866854007
4748,29,11.337683304459095,0.2927835051546392,11.337683304459095
4748,53,10.087056938511534,0.41030927835051545,10.087056938511534
4749,38,10.06917663649394,0.26804123711340205,10.06917663649394
4749,26,12.797592863353959,0.26597938144329897,12.797592863353959
4750,92,12.42546607537899,0.23917525773195877,12.42546607537899
4750,47,11.448067732304777,0.23917525773195877,11.448067732304777
4751,12,10.71473179831544,0.24123711340206186,10.71473179831544
4751,83,12.25768288367177,0.23917525773195877,12.25768288367177
4752,39,11.07172839671466,0.26597938144329897,11.07172839671466
4752,13,12.524542897120666,0.20412371134020618,12.524542897120666
4753,53,12.86734492202107,0.20824742268041238,12.86734492202107
4753,55,11.266971408007201,0.2639175257731959,11.266971408007201
4754,14,12.891348020146687,0.23711340206185566,12.891348020146687
4754,13,11.180979598054636,0.24123711340206186,11.180979598054636
4755,9,12.11124607496667,0.26597938144329897,12.11124607496667
4755,55,12.489633577362632,0.23711340206185566,12.489633577362632
4756,39,11.105700527655893,0.2927835051546392,11.105700527655893
4756,80,9.062907360780654,0.2845360824742268,9.062907360780654
4757,80,12.14865963743961,0.2268041237113402,12.14865963743961
4757,90,11.938312910682658,0.26804123711340205,11.938312910682658
4758,95,12.0278734303504,0.27010309278350514,12.0278734303504
4758,57,12.742014566552694,0.22061855670103092,12.742014566552694
4759,61,13.511600161339912,0.1979381443298969,13.511600161339912
4759,39,11.627037088989768,0.26597938144329897,11.627037088989768
4760,91,11.83045471905385,0.2515463917525773,11.83045471905385
4760,64,13.145272361498265,0.21443298969072164,13.145272361498265
4761,41,12.588783286533893,0.19175257731958764,12.588783286533893
4761,33,11.29566675391579,0.22061855670103092,11.29566675391579
4762,83,12.863311701166847,0.2268041237113402,12.863311701166847
4762,70,12.791790474597002,0.23711340206185566,12.791790474597002
4763,33,12.392500109764724,0.24742268041237114,12.392500109764724
4763,54,9.100154736166678,0.3731958762886598,9.100154736166678
4764,20,12.418776143464818,0.23917525773195877,12.418776143464818
4764,44,8.948228393377029,0.33814432989690724,8.948228393377029
4765,51,12.3311785263383,0.25773195876288657,12.3311785263383
4765,69,12.713554660105075,0.24123711340206186,12.713554660105075
4766,80,12.558245793448835,0.2020618556701031,12.558245793448835
4766,16,11.993784775904748,0.24329896907216494,11.993784775904748
4767,27,11.97964901268094,0.23505154639175257,11.97964901268094
4767,17,12.541266790397412,0.22268041237113403,12.541266790397412
4768,29,12.476633157140917,0.2329896907216495,12.476633157140917
4768,91,11.902901361815928,0.24948453608247423,11.902901361815928
4769,40,11.500929743305967,0.26597938144329897,11.500929743305967
4769,80,11.978945199697534,0.23711340206185566,11.978945199697534
4770,12,12.489867955203678,0.24536082474226803,12.489867955203678
4770,58,12.842601851772272,0.2556701030927835,12.842601851772272
4771,98,12.013197780637105,0.2556701030927835,12.013197780637105
4771,57,12.81425383231237,0.22268041237113403,12.81425383231237
4772,44,12.427680335943455,0.21649484536082475,12.427680335943455
4772,13,11.94248340906879,0.2288659793814433,11.94248340906879
4773,91,12.196717739277956,0.23711340206185566,12.196717739277956
4773,81,12.464315868305658,0.2536082474226804,12.464315868305658
4774,38,11.470365562673882,0.24123711340206186,11.470365562673882
4774,13,12.398280852168476,0.2268041237113402,12.398280852168476
4775,2,12.19446005920128,0.2309278350515464,12.19446005920128
4775,39,12.514119136785196,0.2268041237113402,12.514119136785196
4776,96,12.477991742742525,0.1958762886597938,12.477991742742525
4776,62,11.224365389922825,0.2907216494845361,11.224365389922825
4777,73,11.871291621676226,0.21855670103092784,11.871291621676226
4777,95,11.963762592644157,0.2639175257731959,11.963762592644157
4778,62,12.81766993465785,0.21649484536082475,12.81766993465785
4778,35,11.426703571267895,0.24123711340206186,11.426703571267895
4779,38,10.122002123880797,0.2865979381443299,10.122002123880797
4779,91,12.067314055077343,0.23917525773195877,12.067314055077343
4780,1,12.493774657090489,0.26597938144329897,12.493774657090489
4780,19,12.367097435191454,0.24536082474226803,12.367097435191454
4781,54,12.5032901546151,0.2329896907216495,12.5032901546151
4781,87,11.634512687693768,0.24536082474226803,11.634512687693768
4782,97,12.069964319173405,0.2020618556701031,12.069964319173405
4782,18,12.290870754220778,0.2618556701030928,12.290870754220778
4783,36,8.407212230921607,0.21237113402061855,8.407212230921607
4783,33,11.910771989928412,0.18556701030927836,11.910771989928412
4784,95,13.135782431818592,0.21030927835051547,13.135782431818592
4784,44,12.2768749997529,0.24742268041237114,12.2768749997529
4785,80,11.073305933483319,0.22061855670103092,11.073305933483319
4785,93,12.899665462928816,0.24329896907216494,12.899665462928816
4786,75,10.938031101436263,0.2865979381443299,10.938031101436263
4786,55,11.923227392340726,0.24329896907216494,11.923227392340726
4787,20,11.268856385140012,0.26597938144329897,11.268856385140012
4787,39,12.366562096607868,0.2515463917525773,12.366562096607868
4788,62,12.337164830230764,0.22474226804123712,12.337164830230764
4788,25,12.083547060262221,0.22268041237113403,12.083547060262221
4789,2,12.52515015872078,0.24329896907216494,12.52515015872078
4789,51,11.699739298149106,0.2824742268041237,11.699739298149106
4790,19,12.329803367026328,0.27010309278350514,12.329803367026328
4790,81,12.78779172920967,0.22268041237113403,12.78779172920967
4791,18,10.67091827824159,0.25773195876288657,10.67091827824159
4791,67,12.548232374135184,0.21237113402061855,12.548232374135184
4792,33,12.91125977817957,0.2268041237113402,12.91125977817957
4792,55,9.623381965689457,0.27628865979381445,9.623381965689457
4793,62,13.092943666973337,0.19175257731958764,13.092943666973337
4793,92,12.932733416567205,0.2288659793814433,12.932733416567205
4794,86,12.25800440313549,0.20412371134020618,12.25800440313549
4794,29,10.782738394720605,0.2639175257731959,10.782738394720605
4795,36,11.60291638869113,0.2618556701030928,11.60291638869113
4795,69,11.999150631717203,0.2536082474226804,11.999150631717203
4796,46,12.501860569763597,0.25773195876288657,12.501860569763597
4796,100,12.935956174788997,0.2268041237113402,12.935956174788997
4797,50,11.96463661795953,0.27422680412371137,11.96463661795953
4797,23,10.924777925810757,0.27010309278350514,10.924777925810757
4798,31,12.263069547430831,0.2639175257731959,12.263069547430831
4798,74,12.246696786295146,0.24742268041237114,12.246696786295146
4799,43,11.896637728494564,0.21855670103092784,11.896637728494564
4799,34,10.677104879591692,0.32989690721649484,10.677104879591692
4800,23,11.641326311626727,0.2721649484536082,11.641326311626727
4800,32,10.182404793592484,0.2927835051546392,10.182404793592484
4801,32,12.366023037323025,0.23505154639175257,12.366023037323025
4801,87,11.712930296417,0.2536082474226804,11.712930296417
4802,75,11.51228205598827,0.2721649484536082,11.51228205598827
4802,69,12.792688632917997,0.2639175257731959,12.792688632917997
4803,23,12.705686336095148,0.24123711340206186,12.705686336095148
4803,9,12.661822849962338,0.27010309278350514,12.661822849962338
4804,94,12.611344560451128,0.2020618556701031,12.611344560451128
4804,27,13.002300226955436,0.16907216494845362,13.002300226955436
4805,50,13.036676729220343,0.20618556701030927,13.036676729220343
4805,48,12.786962024014283,0.2536082474226804,12.786962024014283
4806,10,12.751960207586535,0.21649484536082475,12.751960207586535
4806,47,12.63443524879237,0.24948453608247423,12.63443524879237
4807,18,11.3874501860689,0.23505154639175257,11.3874501860689
4807,25,12.910851569820709,0.23711340206185566,12.910851569820709
4808,20,12.501396481287811,0.2020618556701031,12.501396481287811
4808,32,10.980272605055168,0.24948453608247423,10.980272605055168
4809,35,12.544335919750313,0.21649484536082475,12.544335919750313
4809,97,11.721034424309774,0.24948453608247423,11.721034424309774
4810,34,11.870856938250627,0.2721649484536082,11.870856938250627
4810,18,12.256620853002401,0.24536082474226803,12.256620853002401
4811,98,12.206967893124833,0.2515463917525773,12.206967893124833
4811,2,12.056212708907585,0.2536082474226804,12.056212708907585
4812,97,12.83537443042061,0.2721649484536082,12.83537443042061
4812,91,12.657752481226806,0.23505154639175257,12.657752481226806
4813,40,11.10291103734034,0.21649484536082475,11.10291103734034
4813,19,12.824212370461648,0.23711340206185566,12.824212370461648
4814,16,11.844267646896137,0.2721649484536082,11.844267646896137
4814,74,9.839128421029166,0.30927835051546393,9.839128421029166
4815,8,12.284655326518749,0.24329896907216494,12.284655326518749
4815,94,12.174826445088373,0.2597938144329897,12.174826445088373
4816,73,10.214223824408752,0.3030927835051546,10.214223824408752
4816,94,12.037740387106256,0.2288659793814433,12.037740387106256
4817,28,11.780323870331932,0.30103092783505153,11.780323870331932
4817,57,12.643659306284285,0.21855670103092784,12.643659306284285
4818,16,12.269240584440853,0.2288659793814433,12.269240584440853
4818,86,12.747465099190842,0.24948453608247423,12.747465099190842
4819,74,11.483017106242754,0.2288659793814433,11.483017106242754
4819,13,11.130221563639266,0.25773195876288657,11.130221563639266
4820,43,12.39574713482552,0.26804123711340205,12.39574713482552
4820,20,12.400448262868881,0.2618556701030928,12.400448262868881
4821,17,9.001392759091473,0.3030927835051546,9.001392759091473
4821,79,9.7833253922148,0.30103092783505153,9.7833253922148
4822,17,12.726672257156999,0.1958762886597938,12.726672257156999
4822,36,12.28328714580293,0.21443298969072164,12.28328714580293
4823,28,12.769869704414708,0.2020618556701031,12.769869704414708
4823,94,11.680489904249008,0.24742268041237114,11.680489904249008
4824,73,12.469061621780465,0.20412371134020618,12.469061621780465
4824,20,12.435807078459844,0.2618556701030928,12.435807078459844
4825,31,9.173057778635961,0.35670103092783506,9.173057778635961
4825,4,11.322884749344674,0.29690721649484536,11.322884749344674
4826,2,11.527494716064359,0.2721649484536082,11.527494716064359
4826,91,11.81292087165663,0.23711340206185566,11.81292087165663
4827,91,11.885266179892326,0.26804123711340205,11.885266179892326
4827,43,12.354587277503116,0.25773195876288657,12.354587277503116
4828,32,12.403414452728724,0.22268041237113403,12.403414452728724
4828,44,11.332829720237513,0.26804123711340205,11.332829720237513
4829,79,11.7803689580051,0.22474226804123712,11.7803689580051
4829,89,12.611900778340488,0.2515463917525773,12.611900778340488
4830,16,8.283521508284249,0.2948453608247423,8.283521508284249
4830,81,11.675725391211683,0.2288659793814433,11.675725391211683
4831,87,12.239185793094615,0.24329896907216494,12.239185793094615
4831,18,9.548339277471342,0.2515463917525773,9.548339277471342
4832,46,10.481465880616888,0.2556701030927835,10.481465880616888
4832,85,12.236510081228715,0.23505154639175257,12.236510081228715
4833,31,12.328639595247578,0.2515463917525773,12.328639595247578
4833,40,12.821376959577957,0.21443298969072164,12.821376959577957
4834,20,13.334035026238197,0.2288659793814433,13.334035026238197
4834,96,11.776609348910622,0.2618556701030928,11.776609348910622
4835,13,12.45788576192138,0.22061855670103092,12.45788576192138
4835,32,11.9832137409495,0.2020618556701031,11.9832137409495
4836,94,12.054278622062931,0.27010309278350514,12.054278622062931
4836,52,11.858800766785922,0.24742268041237114,11.858800766785922
4837,35,12.668626122205154,0.24948453608247423,12.668626122205154
4837,15,11.330730893185667,0.23917525773195877,11.330730893185667
4838,81,11.419143065683473,0.23711340206185566,11.419143065683473
4838,54,11.220163430765638,0.26804123711340205,11.220163430765638
4839,52,11.298109954648833,0.2721649484536082,11.298109954648833
4839,89,10.714077687085753,0.2536082474226804,10.714077687085753
4840,54,12.395555104521577,0.2309278350515464,12.395555104521577
4840,67,11.76368123275489,0.26597938144329897,11.76368123275489
4841,46,12.43373307400461,0.26597938144329897,12.43373307400461
4841,89,10.505540015778625,0.21237113402061855,10.505540015778625
4842,39,9.779318642329608,0.2618556701030928,9.779318642329608
4842,73,8.574211978441003,0.3030927835051546,8.574211978441003
4843,2,12.336821370349304,0.23711340206185566,12.336821370349304
4843,79,11.3955300400647,0.26597938144329897,11.3955300400647
4844,35,11.347972294730392,0.27628865979381445,11.347972294730392
4844,97,10.322825794547313,0.2639175257731959,10.322825794547313
4845,18,11.103301448658783,0.27835051546391754,11.103301448658783
4845,43,11.957414146523025,0.24742268041237114,11.957414146523025
4846,39,12.441677866055954,0.21855670103092784,12.441677866055954
4846,32,12.087158628225732,0.26597938144329897,12.087158628225732
4847,4,11.846216553947876,0.2288659793814433,11.846216553947876
4847,15,11.443824846873216,0.21649484536082475,11.443824846873216
4848,57,11.805449235826549,0.28865979381443296,11.805449235826549
4848,86,12.19417521078068,0.23711340206185566,12.19417521078068
4849,66,12.065927974236928,0.23917525773195877,12.065927974236928
4849,10,12.468781386289695,0.22268041237113403,12.468781386289695
4850,97,10.963086602710598,0.26597938144329897,10.963086602710598
4850,23,10.668464101128784,0.2329896907216495,10.668464101128784
4851,71,12.320467477085332,0.21443298969072164,12.320467477085332
4851,82,12.075513126229975,0.2329896907216495,12.075513126229975
4852,96,9.747450907979161,0.2824742268041237,9.747450907979161
4852,1,12.280789081823155,0.2597938144329897,12.280789081823155
4853,18,12.236326935637633,0.2288659793814433,12.236326935637633
4853,15,12.46794524140971,0.24742268041237114,12.46794524140971
4854,73,12.288864975450208,0.24123711340206186,12.288864975450208
4854,80,13.099032683445389,0.24123711340206186,13.099032683445389
4855,52,12.94559734217617,0.21443298969072164,12.94559734217617
4855,51,7.1897796048096,0.4618556701030928,7.1897796048096
4856,74,11.350020011667551,0.24329896907216494,11.350020011667551
4856,36,12.100800776171114,0.24329896907216494,12.100800776171114
4857,81,7.612117840336498,0.37938144329896906,7.612117840336498
4857,36,9.092253179413886,0.26804123711340205,9.092253179413886
4858,74,11.818231173974747,0.2536082474226804,11.818231173974747
4858,1,13.049751471292705,0.21030927835051547,13.049751471292705
4859,31,12.740992422137955,0.24123711340206186,12.740992422137955
4859,70,10.342867861850367,0.30721649484536084,10.342867861850367
4860,57,10.460304622990854,0.26804123711340205,10.460304622990854
4860,45,13.071815006361627,0.21030927835051547,13.071815006361627
4861,28,11.814422196009168,0.24123711340206186,11.814422196009168
4861,88,11.603502663337725,0.23711340206185566,11.603502663337725
4862,13,12.626053524575944,0.24948453608247423,12.626053524575944
4862,7,13.310062398789718,0.20824742268041238,13.310062398789718
4863,46,12.010370931940658,0.23711340206185566,12.010370931940658
4863,26,11.732253547699212,0.27835051546391754,11.732253547699212
4864,81,10.166943413026647,0.2824742268041237,10.166943413026647
4864,55,12.046890721542573,0.25773195876288657,12.046890721542573
4865,94,10.346407392719328,0.28865979381443296,10.346407392719328
4865,32,12.281467248702075,0.20824742268041238,12.281467248702075
4866,98,12.568149807796013,0.19381443298969073,12.568149807796013
4866,73,12.19360780027349,0.23917525773195877,12.19360780027349
4867,1,12.305792448551212,0.2329896907216495,12.305792448551212
4867,45,12.015954424082562,0.2515463917525773,12.015954424082562
4868,70,12.812652554234425,0.2020618556701031,12.812652554234425
4868,28,11.54223719977967,0.2721649484536082,11.54223719977967
4869,51,12.80894676780328,0.1979381443298969,12.80894676780328
4869,28,11.644178271035605,0.23505154639175257,11.644178271035605
4870,1,12.151921313296187,0.26597938144329897,12.151921313296187
4870,76,8.325695411634625,0.3711340206185567,8.325695411634625
4871,91,12.192541902832357,0.2536082474226804,12.192541902832357
4871,71,12.572488079164673,0.2268041237113402,12.572488079164673
4872,45,12.770816821024836,0.2268041237113402,12.770816821024836
4872,55,12.374059156032022,0.21649484536082475,12.374059156032022
4873,76,12.629715384204404,0.23711340206185566,12.629715384204404
4873,34,10.953711080496822,0.31958762886597936,10.953711080496822
4874,42,11.237325664782398,0.23711340206185566,11.237325664782398
4874,71,12.627926235969673,0.22268041237113403,12.627926235969673
4875,16,13.063382554519915,0.20412371134020618,13.063382554519915
4875,14,11.011952498138726,0.2639175257731959,11.011952498138726
4876,24,10.307576335136549,0.2618556701030928,10.307576335136549
4876,27,8.053645025387338,0.31958762886597936,8.053645025387338
4877,36,12.932318353825172,0.2,12.932318353825172
4877,85,12.950880505363543,0.20824742268041238,12.950880505363543
4878,4,12.400035072878525,0.2556701030927835,12.400035072878525
4878,98,7.128567161714477,0.33608247422680415,7.128567161714477
4879,98,12.286371943259581,0.2329896907216495,12.286371943259581
4879,35,12.122225922032932,0.20618556701030927,12.122225922032932
4880,96,12.288763544281075,0.2268041237113402,12.288763544281075
4880,79,12.819267516387432,0.24123711340206186,12.819267516387432
4881,23,13.609715924217214,0.20412371134020618,13.609715924217214
4881,1,11.146454705317296,0.2907216494845361,11.146454705317296
4882,35,11.532686828047586,0.21855670103092784,11.532686828047586
4882,71,11.13863411228348,0.25773195876288657,11.13863411228348
4883,32,12.084989611872837,0.2268041237113402,12.084989611872837
4883,10,12.131770254414223,0.24742268041237114,12.131770254414223
4884,29,13.42471013627516,0.19175257731958764,13.42471013627516
4884,75,12.27432319880697,0.22268041237113403,12.27432319880697
4885,28,11.939170652878582,0.23711340206185566,11.939170652878582
4885,98,12.471608766832182,0.24536082474226803,12.471608766832182
4886,34,10.661276651483275,0.27422680412371137,10.661276651483275
4886,44,11.860910820418368,0.27010309278350514,11.860910820418368
4887,71,12.367597450301547,0.2536082474226804,12.367597450301547
4887,1,11.4937231328179,0.27010309278350514,11.4937231328179
4888,38,12.373588386333479,0.23917525773195877,12.373588386333479
4888,14,12.80253028232799,0.1979381443298969,12.80253028232799
4889,46,11.455710536124657,0.29690721649484536,11.455710536124657
4889,39,12.337219686765794,0.2020618556701031,12.337219686765794
4890,44,12.48611754408885,0.23711340206185566,12.48611754408885
4890,53,11.103437882710436,0.26804123711340205,11.103437882710436
4891,34,11.380927903740536,0.25773195876288657,11.380927903740536
4891,66,10.81474849178964,0.24948453608247423,10.81474849178964
4892,89,12.314336921061356,0.27835051546391754,12.314336921061356
4892,75,11.265763762297532,0.20824742268041238,11.265763762297532
4893,4,10.335566525057665,0.3237113402061856,10.335566525057665
4893,12,13.302392542337836,0.21443298969072164,13.302392542337836
4894,24,10.935692135720009,0.2,10.935692135720009
4894,90,12.41205288940682,0.20824742268041238,12.41205288940682
4895,4,11.761815346041775,0.29690721649484536,11.761815346041775
4895,57,11.684412390125281,0.2824742268041237,11.684412390125281
4896,38,12.725345582176404,0.2309278350515464,12.725345582176404
4896,93,12.67383125493893,0.2020618556701031,12.67383125493893
4897,28,13.339519890039096,0.2329896907216495,13.339519890039096
4897,45,11.778648239102587,0.2268041237113402,11.778648239102587
4898,32,12.40862650149966,0.24329896907216494,12.40862650149966
4898,59,8.550568875385173,0.3216494845360825,8.550568875385173
4899,89,12.951679999751583,0.2309278350515464,12.951679999751583
4899,98,12.636027811931013,0.2288659793814433,12.636027811931013
4900,41,12.492354878247957,0.2020618556701031,12.492354878247957
4900,13,11.301531581635187,0.27422680412371137,11.301531581635187
4901,24,12.331624925262458,0.2309278350515464,12.331624925262458
4901,74,12.195446516835183,0.23917525773195877,12.195446516835183
4902,83,12.41267195525284,0.23917525773195877,12.41267195525284
4902,89,12.789440517667275,0.21649484536082475,12.789440517667275
4903,42,12.892939422990368,0.2536082474226804,12.892939422990368
4903,10,11.864023673578476,0.2556701030927835,11.864023673578476
4904,81,11.47230088042922,0.2618556701030928,11.47230088042922
4904,53,10.422605084707461,0.27835051546391754,10.422605084707461
4905,54,12.235628259931408,0.24329896907216494,12.235628259931408
4905,41,10.983429659003702,0.2329896907216495,10.983429659003702
4906,57,12.873113881169756,0.23505154639175257,12.873113881169756
4906,15,11.570254168630836,0.26597938144329897,11.570254168630836
4907,41,11.193710458817776,0.2556701030927835,11.193710458817776
4907,58,11.57301294247728,0.27628865979381445,11.57301294247728
4908,97,12.587591562892111,0.24948453608247423,12.587591562892111
4908,81,11.506337880827703,0.24948453608247423,11.506337880827703
4909,35,12.368249091939779,0.23505154639175257,12.368249091939779
4909,45,9.955343003765712,0.2845360824742268,9.955343003765712
4910,81,11.043993402355985,0.2597938144329897,11.043993402355985
4910,43,12.862100474541931,0.21237113402061855,12.862100474541931
4911,26,8.132399753205155,0.37938144329896906,8.132399753205155
4911,8,12.834724746176922,0.22474226804123712,12.834724746176922
4912,1,12.294889132880666,0.2536082474226804,12.294889132880666
4912,35,11.123941168256248,0.2288659793814433,11.123941168256248
4913,94,12.330807683383311,0.20824742268041238,12.330807683383311
4913,76,10.051660827023552,0.2927835051546392,10.051660827023552
4914,73,12.171680201977711,0.2515463917525773,12.171680201977711
4914,44,12.27668228252729,0.20824742268041238,12.27668228252729
4915,66,11.933105765021109,0.27010309278350514,11.933105765021109
4915,46,6.9304344105342155,0.37938144329896906,6.9304344105342155
4916,82,11.494249701127433,0.26597938144329897,11.494249701127433
4916,90,12.582110811073184,0.22474226804123712,12.582110811073184
4917,82,12.492953193792893,0.2329896907216495,12.492953193792893
4917,96,11.964673467214691,0.27422680412371137,11.964673467214691
4918,54,12.183959087480021,0.23711340206185566,12.183959087480021
4918,24,10.969573584263074,0.28865979381443296,10.969573584263074
4919,75,11.974649585353346,0.2309278350515464,11.974649585353346
4919,54,12.185527929534764,0.20412371134020618,12.185527929534764
4920,96,12.7008878132917,0.22268041237113403,12.7008878132917
4920,55,12.359498490909054,0.23711340206185566,12.359498490909054
4921,88,10.914153494505356,0.2824742268041237,10.914153494505356
4921,10,11.98601552764003,0.2536082474226804,11.98601552764003
4922,75,12.339883472582589,0.2556701030927835,12.339883472582589
4922,94,11.831869435095223,0.22061855670103092,11.831869435095223
4923,24,12.630668120654022,0.22268041237113403,12.630668120654022
4923,14,12.75972199739654,0.22268041237113403,12.75972199739654
4924,47,11.027725654425632,0.24742268041237114,11.027725654425632
4924,30,12.431880412884459,0.2536082474226804,12.431880412884459
4925,19,12.838347277590888,0.2309278350515464,12.838347277590888
4925,84,11.657763269833627,0.25773195876288657,11.657763269833627
4926,58,12.344659560867028,0.24742268041237114,12.344659560867028
4926,4,12.821327794480487,0.25773195876288657,12.821327794480487
4927,54,11.616345915285711,0.2536082474226804,11.616345915285711
4927,71,11.10784380269274,0.23711340206185566,11.10784380269274
4928,39,11.917105140883505,0.2515463917525773,11.917105140883505
4928,90,8.224609243317257,0.3134020618556701,8.224609243317257
4929,71,12.43802131694689,0.19381443298969073,12.43802131694689
4929,79,11.956926615379748,0.27628865979381445,11.956926615379748
4930,86,12.029121116035187,0.27628865979381445,12.029121116035187
4930,44,12.137413629952384,0.24948453608247423,12.137413629952384
4931,88,11.283451715933627,0.29690721649484536,11.283451715933627
4931,47,11.30109514326498,0.24742268041237114,11.30109514326498
4932,32,11.030756846663149,0.2556701030927835,11.030756846663149
4932,38,12.680756571286985,0.18762886597938144,12.680756571286985
4933,26,11.865394732733696,0.2845360824742268,11.865394732733696
4933,51,12.23545695812926,0.21855670103092784,12.23545695812926
4934,41,12.799257001375954,0.2268041237113402,12.799257001375954
4934,66,12.06701944895355,0.22061855670103092,12.06701944895355
4935,32,12.632422202305825,0.20824742268041238,12.632422202305825
4935,13,12.85298149023818,0.22268041237113403,12.85298149023818
4936,45,12.778844400683983,0.22268041237113403,12.778844400683983
4936,26,8.873267494352456,0.31752577319587627,8.873267494352456
4937,47,13.107108954598209,0.20618556701030927,13.107108954598209
4937,73,11.901114669348964,0.20412371134020618,11.901114669348964
4938,91,11.499417974203208,0.28865979381443296,11.499417974203208
4938,31,10.19986653198475,0.29896907216494845,10.19986653198475
4939,59,11.908567502016894,0.24742268041237114,11.908567502016894
4939,38,10.813097322866433,0.25773195876288657,10.813097322866433
4940,40,12.191564286978583,0.2309278350515464,12.191564286978583
4940,65,11.021050669980397,0.24536082474226803,11.021050669980397
4941,93,12.41540895667716,0.2020618556701031,12.41540895667716
4941,13,12.465085924708697,0.24742268041237114,12.465085924708697
4942,65,12.083462390137361,0.23917525773195877,12.083462390137361
4942,2,12.038236000004893,0.22268041237113403,12.038236000004893
4943,54,12.631495664557876,0.23917525773195877,12.631495664557876
4943,73,12.300377956163144,0.24742268041237114,12.300377956163144
4944,31,12.1885456211863,0.24536082474226803,12.1885456211863
4944,53,11.64407587076979,0.2329896907216495,11.64407587076979
4945,27,12.754258002302352,0.22061855670103092,12.754258002302352
4945,59,12.030657263491578,0.30103092783505153,12.030657263491578
4946,76,10.515709784477492,0.2865979381443299,10.515709784477492
4946,54,12.685071629097115,0.23711340206185566,12.685071629097115
4947,91,11.597048187605978,0.2804123711340206,11.597048187605978
4947,59,11.629451434185127,0.22268041237113403,11.629451434185127
4948,90,12.319821779659739,0.24123711340206186,12.319821779659739
4948,91,12.52711718742924,0.21855670103092784,12.52711718742924
4949,33,12.283053741317072,0.2268041237113402,12.283053741317072
4949,11,12.905571578327061,0.2618556701030928,12.905571578327061
4950,97,12.052847613456077,0.25773195876288657,12.052847613456077
4950,54,11.547715732917606,0.27835051546391754,11.547715732917606
4951,38,12.964413541674778,0.20412371134020618,12.964413541674778
4951,40,4.921054976235485,0.4742268041237113,4.921054976235485
4952,88,11.651311420334796,0.24123711340206186,11.651311420334796
4952,53,12.942814070328009,0.21030927835051547,12.942814070328009
4953,97,13.291792230633696,0.2268041237113402,13.291792230633696
4953,11,13.047596959412557,0.20412371134020618,13.047596959412557
4954,59,11.873279770932939,0.21237113402061855,11.873279770932939
4954,87,12.486298143078846,0.2824742268041237,12.486298143078846
4955,31,7.900569980759388,0.24329896907216494,7.900569980759388
4955,73,11.791864121631502,0.24948453608247423,11.791864121631502
4956,94,11.154333268910555,0.22268041237113403,11.154333268910555
4956,79,11.809982062455337,0.22268041237113403,11.809982062455337
4957,79,11.667887881718478,0.20618556701030927,11.667887881718478
4957,56,11.500693720918337,0.2597938144329897,11.500693720918337
4958,46,12.62124626826051,0.21030927835051547,12.62124626826051
4958,76,8.59159911547123,0.4556701030927835,8.59159911547123
4959,93,9.75380901431833,0.3649484536082474,9.75380901431833
4959,96,8.26887377536383,0.32577319587628867,8.26887377536383
4960,4,11.284108066938844,0.2824742268041237,11.284108066938844
4960,19,10.702655926092,0.2907216494845361,10.702655926092
4961,65,11.995038014908193,0.22474226804123712,11.995038014908193
4961,87,12.5571349345845,0.23917525773195877,12.5571349345845
4962,59,11.414442405062122,0.29690721649484536,11.414442405062122
4962,91,12.249298023542554,0.2556701030927835,12.249298023542554
4963,27,11.536094836833705,0.26804123711340205,11.536094836833705
4963,43,11.886101257537987,0.20412371134020618,11.886101257537987
4964,76,12.428383462846138,0.2329896907216495,12.428383462846138
4964,43,11.985403742773013,0.24948453608247423,11.985403742773013
4965,35,12.506782806946985,0.2639175257731959,12.506782806946985
4965,18,12.93318757056206,0.24123711340206186,12.93318757056206
4966,1,10.583923452607074,0.24123711340206186,10.583923452607074
4966,83,12.417294554480304,0.1979381443298969,12.417294554480304
4967,88,12.33239404110635,0.25773195876288657,12.33239404110635
4967,39,9.758151645242867,0.2845360824742268,9.758151645242867
4968,91,12.316066774069181,0.2597938144329897,12.316066774069181
4968,71,9.217559232853537,0.33608247422680415,9.217559232853537
4969,51,12.387237830016621,0.22061855670103092,12.387237830016621
4969,82,11.363195677682036,0.2268041237113402,11.363195677682036
4970,39,12.558673071122058,0.24123711340206186,12.558673071122058
4970,58,11.938569796672695,0.24536082474226803,11.938569796672695
4971,31,11.923912662576061,0.23917525773195877,11.923912662576061
4971,83,12.57641602907657,0.24329896907216494,12.57641602907657
4972,71,13.030004852849277,0.21237113402061855,13.030004852849277
4972,55,7.76152192635102,0.3443298969072165,7.76152192635102
4973,19,11.845579962920416,0.2721649484536082,11.845579962920416
4973,82,12.183942864943909,0.23917525773195877,12.183942864943909
4974,58,12.212398820321784,0.22268041237113403,12.212398820321784
4974,9,12.727260598774633,0.23917525773195877,12.727260598774633
4975,91,12.607249541899156,0.23505154639175257,12.607249541899156
4975,88,11.749238045589005,0.24329896907216494,11.749238045589005
4976,33,11.702811939105446,0.22061855670103092,11.702811939105446
4976,90,12.222333412557534,0.2639175257731959,12.222333412557534
4977,54,9.541548636674497,0.2865979381443299,9.541548636674497
4977,74,12.98769054515077,0.2288659793814433,12.98769054515077
4978,26,12.900460431250096,0.21443298969072164,12.900460431250096
4978,87,11.548062860445986,0.23711340206185566,11.548062860445986
4979,59,12.166205372812412,0.21030927835051547,12.166205372812412
4979,86,10.298584463279557,0.28865979381443296,10.298584463279557
4980,90,11.902064525130134,0.2556701030927835,11.902064525130134
4980,8,12.713635156229262,0.23711340206185566,12.713635156229262
4981,94,12.800287888731978,0.2309278350515464,12.800287888731978
4981,33,11.856100318162824,0.16907216494845362,11.856100318162824
4982,4,11.989139299496317,0.19381443298969073,11.989139299496317
4982,35,12.71338042564347,0.21443298969072164,12.71338042564347
4983,19,12.085438010490261,0.28865979381443296,12.085438010490261
4983,31,12.50080465260981,0.24742268041237114,12.50080465260981
4984,59,12.571853583552176,0.21649484536082475,12.571853583552176
4984,98,10.427755593354355,0.2907216494845361,10.427755593354355
4985,13,11.868753039522838,0.2288659793814433,11.868753039522838
4985,59,8.407276244161453,0.3443298969072165,8.407276244161453
4986,90,12.313035910322444,0.25773195876288657,12.313035910322444
4986,83,9.79024205065031,0.2639175257731959,9.79024205065031
4987,83,12.570396110791892,0.2618556701030928,12.570396110791892
4987,34,11.999739819372795,0.2515463917525773,11.999739819372795
4988,96,12.072994984234159,0.2515463917525773,12.072994984234159
4988,19,12.729936683170234,0.2329896907216495,12.729936683170234
4989,55,10.048821660084911,0.2845360824742268,10.048821660084911
4989,27,12.57811369237969,0.177319587628866,12.57811369237969
4990,87,9.08785312770668,0.33814432989690724,9.08785312770668
4990,88,11.408776855483683,0.24742268041237114,11.408776855483683
4991,24,11.02322786479628,0.28865979381443296,11.02322786479628
4991,69,8.884985570256116,0.31752577319587627,8.884985570256116
4992,51,11.863914073723075,0.26597938144329897,11.863914073723075
4992,27,12.215952128227919,0.23917525773195877,12.215952128227919
4993,86,7.614550149393807,0.4268041237113402,7.614550149393807
4993,88,11.363431971298622,0.24948453608247423,11.363431971298622
4994,73,10.75611673725152,0.2639175257731959,10.75611673725152
4994,33,11.598908097312659,0.2556701030927835,11.598908097312659
4995,59,12.839005013641499,0.1958762886597938,12.839005013641499
4995,75,12.413998787987222,0.23505154639175257,12.413998787987222
4996,93,12.553113453496845,0.19175257731958764,12.553113453496845
4996,76,13.41696742573259,0.22061855670103092,13.41696742573259
4997,54,12.476107837690765,0.21237113402061855,12.476107837690765
4997,79,10.122463867622146,0.29896907216494845,10.122463867622146
4998,27,11.905366038366283,0.2288659793814433,11.905366038366283
4998,75,8.947051903984919,0.35051546391752575,8.947051903984919
4999,65,12.654519089256986,0.2309278350515464,12.654519089256986
4999,44,10.903419387936406,0.30721649484536084,10.903419387936406
5000,79,12.959017646361596,0.20412371134020618,12.959017646361596
5000,4,11.378919298696008,0.27835051546391754,11.378919298696008
